SOURCE FILE NAME: C:\MistrasGroup\AEwin for Express-8 Version V5.92\Data\Artemis Aluminum Corrosion\APC_3_4_21\APC_3_4_21.DTA
DATE: Thursday, March 04, 2021
TIME: 16:54:32
SAMPLE INTERVAL (Seconds):   0.0000002000
SIGNAL UNITS: volts
TIME UNITS: Seconds
DATA TYPE: WAVEFORM
NUMBER OF DATA POINTS PER WAVEFORM: 15360
CHANNEL NUMBER: 1
HIT NUMBER: 1184
TIME OF TEST: 34269.4900402

-0.00012800, -0.00061035
-0.00012780, -0.00061035
-0.00012760, -0.00061035
-0.00012740, -0.00061035
-0.00012720, -0.00061035
-0.00012700, -0.00061035
-0.00012680, -0.00030518
-0.00012660, -0.00030518
-0.00012640, -0.00091553
-0.00012620,  0.00000000
-0.00012600,  0.00000000
-0.00012580, -0.00030518
-0.00012560,  0.00000000
-0.00012540,  0.00000000
-0.00012520, -0.00061035
-0.00012500, -0.00061035
-0.00012480, -0.00061035
-0.00012460, -0.00122070
-0.00012440, -0.00030518
-0.00012420, -0.00030518
-0.00012400,  0.00000000
-0.00012380, -0.00061035
-0.00012360, -0.00061035
-0.00012340,  0.00000000
-0.00012320, -0.00122070
-0.00012300, -0.00091553
-0.00012280, -0.00122070
-0.00012260, -0.00091553
-0.00012240,  0.00000000
-0.00012220,  0.00000000
-0.00012200, -0.00030518
-0.00012180, -0.00061035
-0.00012160, -0.00091553
-0.00012140, -0.00122070
-0.00012120, -0.00091553
-0.00012100, -0.00091553
-0.00012080, -0.00122070
-0.00012060, -0.00152588
-0.00012040, -0.00091553
-0.00012020, -0.00122070
-0.00012000, -0.00061035
-0.00011980, -0.00061035
-0.00011960, -0.00061035
-0.00011940, -0.00061035
-0.00011920, -0.00061035
-0.00011900, -0.00030518
-0.00011880, -0.00030518
-0.00011860, -0.00061035
-0.00011840, -0.00061035
-0.00011820,  0.00000000
-0.00011800, -0.00061035
-0.00011780, -0.00091553
-0.00011760, -0.00122070
-0.00011740, -0.00122070
-0.00011720, -0.00122070
-0.00011700, -0.00091553
-0.00011680, -0.00091553
-0.00011660, -0.00091553
-0.00011640, -0.00030518
-0.00011620, -0.00091553
-0.00011600, -0.00061035
-0.00011580, -0.00030518
-0.00011560, -0.00091553
-0.00011540,  0.00000000
-0.00011520, -0.00030518
-0.00011500, -0.00061035
-0.00011480, -0.00030518
-0.00011460, -0.00030518
-0.00011440, -0.00152588
-0.00011420, -0.00061035
-0.00011400, -0.00091553
-0.00011380, -0.00061035
-0.00011360, -0.00061035
-0.00011340, -0.00030518
-0.00011320, -0.00030518
-0.00011300,  0.00000000
-0.00011280, -0.00030518
-0.00011260, -0.00122070
-0.00011240, -0.00091553
-0.00011220, -0.00030518
-0.00011200, -0.00152588
-0.00011180, -0.00122070
-0.00011160, -0.00091553
-0.00011140, -0.00122070
-0.00011120, -0.00061035
-0.00011100, -0.00030518
-0.00011080, -0.00030518
-0.00011060, -0.00061035
-0.00011040, -0.00061035
-0.00011020, -0.00061035
-0.00011000, -0.00061035
-0.00010980, -0.00091553
-0.00010960, -0.00122070
-0.00010940, -0.00061035
-0.00010920, -0.00061035
-0.00010900, -0.00061035
-0.00010880, -0.00061035
-0.00010860, -0.00061035
-0.00010840, -0.00122070
-0.00010820, -0.00030518
-0.00010800, -0.00061035
-0.00010780, -0.00091553
-0.00010760, -0.00030518
-0.00010740, -0.00030518
-0.00010720, -0.00030518
-0.00010700,  0.00000000
-0.00010680, -0.00061035
-0.00010660, -0.00030518
-0.00010640, -0.00122070
-0.00010620, -0.00091553
-0.00010600, -0.00061035
-0.00010580, -0.00091553
-0.00010560, -0.00091553
-0.00010540, -0.00061035
-0.00010520, -0.00061035
-0.00010500, -0.00091553
-0.00010480, -0.00122070
-0.00010460, -0.00152588
-0.00010440, -0.00091553
-0.00010420, -0.00152588
-0.00010400, -0.00122070
-0.00010380, -0.00122070
-0.00010360, -0.00061035
-0.00010340, -0.00030518
-0.00010320, -0.00061035
-0.00010300, -0.00091553
-0.00010280, -0.00122070
-0.00010260, -0.00061035
-0.00010240, -0.00030518
-0.00010220, -0.00061035
-0.00010200, -0.00091553
-0.00010180, -0.00122070
-0.00010160, -0.00061035
-0.00010140, -0.00061035
-0.00010120, -0.00122070
-0.00010100, -0.00061035
-0.00010080, -0.00061035
-0.00010060, -0.00030518
-0.00010040, -0.00030518
-0.00010020, -0.00030518
-0.00010000, -0.00061035
-0.00009980, -0.00030518
-0.00009960,  0.00000000
-0.00009940, -0.00061035
-0.00009920, -0.00030518
-0.00009900, -0.00030518
-0.00009880, -0.00030518
-0.00009860, -0.00030518
-0.00009840, -0.00061035
-0.00009820, -0.00061035
-0.00009800, -0.00030518
-0.00009780, -0.00061035
-0.00009760, -0.00122070
-0.00009740, -0.00152588
-0.00009720, -0.00061035
-0.00009700, -0.00030518
-0.00009680, -0.00061035
-0.00009660, -0.00030518
-0.00009640, -0.00061035
-0.00009620, -0.00061035
-0.00009600, -0.00091553
-0.00009580, -0.00091553
-0.00009560, -0.00061035
-0.00009540,  0.00000000
-0.00009520, -0.00030518
-0.00009500,  0.00000000
-0.00009480, -0.00122070
-0.00009460, -0.00091553
-0.00009440, -0.00091553
-0.00009420, -0.00091553
-0.00009400, -0.00122070
-0.00009380, -0.00030518
-0.00009360, -0.00061035
-0.00009340, -0.00030518
-0.00009320, -0.00091553
-0.00009300, -0.00091553
-0.00009280, -0.00030518
-0.00009260,  0.00000000
-0.00009240, -0.00122070
-0.00009220, -0.00091553
-0.00009200, -0.00122070
-0.00009180, -0.00122070
-0.00009160, -0.00091553
-0.00009140, -0.00152588
-0.00009120, -0.00152588
-0.00009100, -0.00122070
-0.00009080, -0.00091553
-0.00009060, -0.00061035
-0.00009040, -0.00091553
-0.00009020, -0.00152588
-0.00009000, -0.00213623
-0.00008980, -0.00152588
-0.00008960, -0.00183105
-0.00008940, -0.00152588
-0.00008920, -0.00213623
-0.00008900, -0.00152588
-0.00008880, -0.00122070
-0.00008860, -0.00152588
-0.00008840, -0.00122070
-0.00008820, -0.00091553
-0.00008800, -0.00061035
-0.00008780, -0.00061035
-0.00008760, -0.00030518
-0.00008740, -0.00122070
-0.00008720, -0.00091553
-0.00008700, -0.00061035
-0.00008680, -0.00091553
-0.00008660, -0.00122070
-0.00008640, -0.00061035
-0.00008620, -0.00030518
-0.00008600, -0.00152588
-0.00008580, -0.00152588
-0.00008560, -0.00183105
-0.00008540, -0.00152588
-0.00008520, -0.00183105
-0.00008500, -0.00122070
-0.00008480, -0.00122070
-0.00008460, -0.00061035
-0.00008440, -0.00061035
-0.00008420, -0.00061035
-0.00008400, -0.00091553
-0.00008380, -0.00122070
-0.00008360, -0.00122070
-0.00008340, -0.00061035
-0.00008320, -0.00152588
-0.00008300, -0.00183105
-0.00008280, -0.00122070
-0.00008260, -0.00152588
-0.00008240, -0.00122070
-0.00008220, -0.00061035
-0.00008200, -0.00061035
-0.00008180, -0.00061035
-0.00008160, -0.00122070
-0.00008140, -0.00152588
-0.00008120, -0.00213623
-0.00008100, -0.00183105
-0.00008080, -0.00122070
-0.00008060, -0.00091553
-0.00008040, -0.00091553
-0.00008020, -0.00183105
-0.00008000, -0.00152588
-0.00007980, -0.00061035
-0.00007960, -0.00061035
-0.00007940, -0.00061035
-0.00007920, -0.00091553
-0.00007900, -0.00091553
-0.00007880, -0.00091553
-0.00007860, -0.00061035
-0.00007840, -0.00122070
-0.00007820, -0.00091553
-0.00007800, -0.00091553
-0.00007780, -0.00061035
-0.00007760, -0.00091553
-0.00007740, -0.00091553
-0.00007720, -0.00091553
-0.00007700, -0.00122070
-0.00007680, -0.00152588
-0.00007660, -0.00152588
-0.00007640, -0.00091553
-0.00007620, -0.00122070
-0.00007600, -0.00122070
-0.00007580, -0.00183105
-0.00007560, -0.00152588
-0.00007540, -0.00091553
-0.00007520, -0.00061035
-0.00007500, -0.00091553
-0.00007480, -0.00152588
-0.00007460, -0.00122070
-0.00007440, -0.00091553
-0.00007420, -0.00122070
-0.00007400, -0.00091553
-0.00007380, -0.00061035
-0.00007360, -0.00061035
-0.00007340, -0.00030518
-0.00007320, -0.00061035
-0.00007300, -0.00030518
-0.00007280, -0.00061035
-0.00007260, -0.00030518
-0.00007240, -0.00061035
-0.00007220, -0.00061035
-0.00007200, -0.00122070
-0.00007180, -0.00091553
-0.00007160, -0.00061035
-0.00007140, -0.00091553
-0.00007120, -0.00030518
-0.00007100,  0.00030518
-0.00007080, -0.00091553
-0.00007060, -0.00091553
-0.00007040, -0.00122070
-0.00007020, -0.00091553
-0.00007000, -0.00122070
-0.00006980, -0.00122070
-0.00006960, -0.00122070
-0.00006940, -0.00183105
-0.00006920, -0.00091553
-0.00006900, -0.00091553
-0.00006880, -0.00183105
-0.00006860, -0.00213623
-0.00006840, -0.00152588
-0.00006820, -0.00122070
-0.00006800, -0.00152588
-0.00006780, -0.00183105
-0.00006760, -0.00152588
-0.00006740, -0.00152588
-0.00006720, -0.00183105
-0.00006700, -0.00152588
-0.00006680, -0.00122070
-0.00006660, -0.00091553
-0.00006640, -0.00122070
-0.00006620, -0.00091553
-0.00006600, -0.00152588
-0.00006580, -0.00122070
-0.00006560, -0.00091553
-0.00006540, -0.00213623
-0.00006520, -0.00183105
-0.00006500, -0.00152588
-0.00006480, -0.00183105
-0.00006460, -0.00213623
-0.00006440, -0.00152588
-0.00006420, -0.00152588
-0.00006400, -0.00183105
-0.00006380, -0.00213623
-0.00006360, -0.00122070
-0.00006340, -0.00091553
-0.00006320, -0.00152588
-0.00006300, -0.00061035
-0.00006280, -0.00122070
-0.00006260, -0.00122070
-0.00006240, -0.00152588
-0.00006220, -0.00152588
-0.00006200, -0.00091553
-0.00006180, -0.00030518
-0.00006160, -0.00061035
-0.00006140, -0.00091553
-0.00006120, -0.00091553
-0.00006100, -0.00122070
-0.00006080, -0.00061035
-0.00006060, -0.00152588
-0.00006040, -0.00122070
-0.00006020, -0.00091553
-0.00006000, -0.00091553
-0.00005980, -0.00030518
-0.00005960, -0.00091553
-0.00005940, -0.00122070
-0.00005920, -0.00122070
-0.00005900, -0.00091553
-0.00005880, -0.00122070
-0.00005860, -0.00122070
-0.00005840, -0.00091553
-0.00005820, -0.00091553
-0.00005800, -0.00091553
-0.00005780, -0.00061035
-0.00005760, -0.00091553
-0.00005740, -0.00091553
-0.00005720, -0.00122070
-0.00005700, -0.00091553
-0.00005680, -0.00122070
-0.00005660, -0.00091553
-0.00005640, -0.00091553
-0.00005620, -0.00061035
-0.00005600, -0.00030518
-0.00005580, -0.00061035
-0.00005560, -0.00091553
-0.00005540, -0.00061035
-0.00005520, -0.00030518
-0.00005500,  0.00000000
-0.00005480, -0.00030518
-0.00005460, -0.00061035
-0.00005440, -0.00030518
-0.00005420,  0.00000000
-0.00005400, -0.00091553
-0.00005380, -0.00061035
-0.00005360, -0.00030518
-0.00005340, -0.00030518
-0.00005320, -0.00030518
-0.00005300,  0.00030518
-0.00005280,  0.00061035
-0.00005260,  0.00000000
-0.00005240, -0.00030518
-0.00005220, -0.00061035
-0.00005200, -0.00061035
-0.00005180, -0.00061035
-0.00005160,  0.00030518
-0.00005140, -0.00030518
-0.00005120, -0.00091553
-0.00005100, -0.00061035
-0.00005080, -0.00061035
-0.00005060, -0.00122070
-0.00005040, -0.00091553
-0.00005020, -0.00030518
-0.00005000, -0.00030518
-0.00004980, -0.00030518
-0.00004960, -0.00122070
-0.00004940, -0.00061035
-0.00004920, -0.00061035
-0.00004900, -0.00061035
-0.00004880, -0.00061035
-0.00004860, -0.00091553
-0.00004840, -0.00061035
-0.00004820, -0.00030518
-0.00004800, -0.00091553
-0.00004780, -0.00061035
-0.00004760, -0.00091553
-0.00004740, -0.00061035
-0.00004720, -0.00061035
-0.00004700, -0.00122070
-0.00004680, -0.00152588
-0.00004660, -0.00091553
-0.00004640,  0.00000000
-0.00004620,  0.00000000
-0.00004600, -0.00030518
-0.00004580,  0.00000000
-0.00004560,  0.00000000
-0.00004540, -0.00061035
-0.00004520, -0.00091553
-0.00004500, -0.00061035
-0.00004480, -0.00091553
-0.00004460, -0.00091553
-0.00004440, -0.00091553
-0.00004420,  0.00000000
-0.00004400, -0.00061035
-0.00004380, -0.00091553
-0.00004360, -0.00061035
-0.00004340, -0.00091553
-0.00004320, -0.00061035
-0.00004300, -0.00061035
-0.00004280,  0.00000000
-0.00004260,  0.00000000
-0.00004240, -0.00061035
-0.00004220, -0.00061035
-0.00004200, -0.00091553
-0.00004180, -0.00183105
-0.00004160, -0.00091553
-0.00004140, -0.00061035
-0.00004120, -0.00091553
-0.00004100, -0.00122070
-0.00004080, -0.00061035
-0.00004060, -0.00091553
-0.00004040, -0.00091553
-0.00004020, -0.00091553
-0.00004000, -0.00091553
-0.00003980, -0.00152588
-0.00003960, -0.00122070
-0.00003940, -0.00030518
-0.00003920, -0.00030518
-0.00003900, -0.00061035
-0.00003880, -0.00091553
-0.00003860, -0.00030518
-0.00003840, -0.00122070
-0.00003820, -0.00122070
-0.00003800, -0.00152588
-0.00003780, -0.00122070
-0.00003760, -0.00122070
-0.00003740, -0.00061035
-0.00003720, -0.00122070
-0.00003700, -0.00091553
-0.00003680, -0.00030518
-0.00003660, -0.00061035
-0.00003640, -0.00061035
-0.00003620, -0.00091553
-0.00003600, -0.00061035
-0.00003580, -0.00122070
-0.00003560, -0.00122070
-0.00003540, -0.00152588
-0.00003520, -0.00091553
-0.00003500, -0.00152588
-0.00003480, -0.00091553
-0.00003460, -0.00061035
-0.00003440, -0.00122070
-0.00003420, -0.00091553
-0.00003400, -0.00091553
-0.00003380, -0.00152588
-0.00003360, -0.00152588
-0.00003340, -0.00122070
-0.00003320, -0.00152588
-0.00003300, -0.00122070
-0.00003280, -0.00122070
-0.00003260, -0.00061035
-0.00003240, -0.00152588
-0.00003220, -0.00091553
-0.00003200, -0.00061035
-0.00003180, -0.00122070
-0.00003160, -0.00122070
-0.00003140, -0.00122070
-0.00003120, -0.00122070
-0.00003100, -0.00091553
-0.00003080, -0.00183105
-0.00003060, -0.00091553
-0.00003040, -0.00091553
-0.00003020, -0.00091553
-0.00003000, -0.00030518
-0.00002980, -0.00091553
-0.00002960, -0.00122070
-0.00002940, -0.00122070
-0.00002920, -0.00122070
-0.00002900, -0.00122070
-0.00002880, -0.00183105
-0.00002860, -0.00091553
-0.00002840, -0.00030518
-0.00002820, -0.00091553
-0.00002800, -0.00122070
-0.00002780, -0.00091553
-0.00002760, -0.00091553
-0.00002740, -0.00061035
-0.00002720, -0.00122070
-0.00002700, -0.00091553
-0.00002680, -0.00122070
-0.00002660, -0.00122070
-0.00002640, -0.00122070
-0.00002620, -0.00091553
-0.00002600, -0.00122070
-0.00002580, -0.00091553
-0.00002560, -0.00091553
-0.00002540, -0.00061035
-0.00002520, -0.00061035
-0.00002500, -0.00091553
-0.00002480, -0.00061035
-0.00002460, -0.00061035
-0.00002440, -0.00061035
-0.00002420, -0.00061035
-0.00002400, -0.00122070
-0.00002380, -0.00061035
-0.00002360, -0.00030518
-0.00002340, -0.00061035
-0.00002320, -0.00122070
-0.00002300, -0.00061035
-0.00002280, -0.00061035
-0.00002260, -0.00030518
-0.00002240, -0.00061035
-0.00002220, -0.00030518
-0.00002200, -0.00061035
-0.00002180, -0.00030518
-0.00002160, -0.00122070
-0.00002140, -0.00061035
-0.00002120, -0.00061035
-0.00002100, -0.00030518
-0.00002080, -0.00030518
-0.00002060,  0.00030518
-0.00002040, -0.00030518
-0.00002020, -0.00030518
-0.00002000, -0.00091553
-0.00001980, -0.00061035
-0.00001960, -0.00122070
-0.00001940, -0.00061035
-0.00001920, -0.00061035
-0.00001900, -0.00091553
-0.00001880, -0.00061035
-0.00001860, -0.00091553
-0.00001840, -0.00091553
-0.00001820,  0.00000000
-0.00001800, -0.00061035
-0.00001780, -0.00091553
-0.00001760, -0.00061035
-0.00001740, -0.00091553
-0.00001720, -0.00122070
-0.00001700, -0.00061035
-0.00001680, -0.00030518
-0.00001660, -0.00030518
-0.00001640, -0.00061035
-0.00001620, -0.00030518
-0.00001600, -0.00061035
-0.00001580, -0.00061035
-0.00001560, -0.00061035
-0.00001540, -0.00091553
-0.00001520, -0.00091553
-0.00001500, -0.00061035
-0.00001480, -0.00061035
-0.00001460, -0.00061035
-0.00001440, -0.00061035
-0.00001420, -0.00091553
-0.00001400, -0.00030518
-0.00001380, -0.00091553
-0.00001360, -0.00152588
-0.00001340, -0.00061035
-0.00001320, -0.00030518
-0.00001300, -0.00091553
-0.00001280, -0.00152588
-0.00001260, -0.00091553
-0.00001240, -0.00061035
-0.00001220, -0.00091553
-0.00001200, -0.00091553
-0.00001180, -0.00091553
-0.00001160, -0.00152588
-0.00001140, -0.00122070
-0.00001120, -0.00122070
-0.00001100, -0.00091553
-0.00001080, -0.00091553
-0.00001060, -0.00152588
-0.00001040, -0.00122070
-0.00001020, -0.00122070
-0.00001000, -0.00152588
-0.00000980, -0.00152588
-0.00000960, -0.00122070
-0.00000940, -0.00091553
-0.00000920, -0.00122070
-0.00000900, -0.00152588
-0.00000880, -0.00122070
-0.00000860, -0.00152588
-0.00000840, -0.00183105
-0.00000820, -0.00122070
-0.00000800, -0.00122070
-0.00000780, -0.00122070
-0.00000760, -0.00091553
-0.00000740, -0.00122070
-0.00000720, -0.00122070
-0.00000700, -0.00183105
-0.00000680, -0.00152588
-0.00000660, -0.00091553
-0.00000640, -0.00122070
-0.00000620, -0.00213623
-0.00000600, -0.00152588
-0.00000580, -0.00183105
-0.00000560, -0.00183105
-0.00000540, -0.00183105
-0.00000520, -0.00122070
-0.00000500, -0.00183105
-0.00000480, -0.00122070
-0.00000460, -0.00183105
-0.00000440, -0.00091553
-0.00000420, -0.00091553
-0.00000400, -0.00061035
-0.00000380,  0.00000000
-0.00000360,  0.00030518
-0.00000340,  0.00000000
-0.00000320,  0.00061035
-0.00000300,  0.00152588
-0.00000280,  0.00183105
-0.00000260,  0.00122070
-0.00000240,  0.00213623
-0.00000220,  0.00152588
-0.00000200,  0.00152588
-0.00000180,  0.00061035
-0.00000160,  0.00091553
-0.00000140, -0.00030518
-0.00000120, -0.00152588
-0.00000100, -0.00213623
-0.00000080, -0.00244141
-0.00000060, -0.00335693
-0.00000040, -0.00457764
-0.00000020, -0.00518799
 0.00000000, -0.00518799
 0.00000020, -0.00640869
 0.00000040, -0.00701904
 0.00000060, -0.00610352
 0.00000080, -0.00579834
 0.00000100, -0.00579834
 0.00000120, -0.00488281
 0.00000140, -0.00427246
 0.00000160, -0.00305176
 0.00000180, -0.00122070
 0.00000200, -0.00122070
 0.00000220,  0.00091553
 0.00000240,  0.00213623
 0.00000260,  0.00305176
 0.00000280,  0.00335693
 0.00000300,  0.00335693
 0.00000320,  0.00335693
 0.00000340,  0.00366211
 0.00000360,  0.00305176
 0.00000380,  0.00183105
 0.00000400,  0.00183105
 0.00000420,  0.00030518
 0.00000440,  0.00030518
 0.00000460, -0.00122070
 0.00000480, -0.00213623
 0.00000500, -0.00305176
 0.00000520, -0.00366211
 0.00000540, -0.00335693
 0.00000560, -0.00213623
 0.00000580, -0.00244141
 0.00000600, -0.00274658
 0.00000620, -0.00274658
 0.00000640, -0.00366211
 0.00000660, -0.00366211
 0.00000680, -0.00457764
 0.00000700, -0.00488281
 0.00000720, -0.00579834
 0.00000740, -0.00610352
 0.00000760, -0.00549316
 0.00000780, -0.00305176
 0.00000800,  0.00000000
 0.00000820,  0.00274658
 0.00000840,  0.00488281
 0.00000860,  0.00610352
 0.00000880,  0.00640869
 0.00000900,  0.00518799
 0.00000920,  0.00396729
 0.00000940,  0.00091553
 0.00000960, -0.00061035
 0.00000980, -0.00183105
 0.00001000, -0.00152588
 0.00001020,  0.00030518
 0.00001040,  0.00305176
 0.00001060,  0.00518799
 0.00001080,  0.00610352
 0.00001100,  0.00579834
 0.00001120,  0.00396729
 0.00001140,  0.00122070
 0.00001160, -0.00213623
 0.00001180, -0.00518799
 0.00001200, -0.00579834
 0.00001220, -0.00427246
 0.00001240, -0.00122070
 0.00001260,  0.00366211
 0.00001280,  0.00793457
 0.00001300,  0.01007080
 0.00001320,  0.00823975
 0.00001340,  0.00427246
 0.00001360, -0.00366211
 0.00001380, -0.01342773
 0.00001400, -0.02288818
 0.00001420, -0.03143311
 0.00001440, -0.03784180
 0.00001460, -0.04180908
 0.00001480, -0.04180908
 0.00001500, -0.03753662
 0.00001520, -0.03082275
 0.00001540, -0.02227783
 0.00001560, -0.01159668
 0.00001580, -0.00305176
 0.00001600,  0.00579834
 0.00001620,  0.01373291
 0.00001640,  0.02075195
 0.00001660,  0.02563477
 0.00001680,  0.02960205
 0.00001700,  0.03265381
 0.00001720,  0.03631592
 0.00001740,  0.04028320
 0.00001760,  0.04425049
 0.00001780,  0.04699707
 0.00001800,  0.04852295
 0.00001820,  0.04577637
 0.00001840,  0.04119873
 0.00001860,  0.03387451
 0.00001880,  0.02471924
 0.00001900,  0.01403809
 0.00001920,  0.00427246
 0.00001940, -0.00610352
 0.00001960, -0.01434326
 0.00001980, -0.01983643
 0.00002000, -0.02075195
 0.00002020, -0.02105713
 0.00002040, -0.01922607
 0.00002060, -0.01708984
 0.00002080, -0.01281738
 0.00002100, -0.00732422
 0.00002120, -0.00152588
 0.00002140,  0.00427246
 0.00002160,  0.00915527
 0.00002180,  0.01098633
 0.00002200,  0.01312256
 0.00002220,  0.01342773
 0.00002240,  0.01281738
 0.00002260,  0.01251221
 0.00002280,  0.01403809
 0.00002300,  0.01495361
 0.00002320,  0.01586914
 0.00002340,  0.01647949
 0.00002360,  0.01434326
 0.00002380,  0.00793457
 0.00002400, -0.00213623
 0.00002420, -0.01525879
 0.00002440, -0.02807617
 0.00002460, -0.04180908
 0.00002480, -0.05279541
 0.00002500, -0.06011963
 0.00002520, -0.06256104
 0.00002540, -0.06195068
 0.00002560, -0.05767822
 0.00002580, -0.05340576
 0.00002600, -0.05004883
 0.00002620, -0.04852295
 0.00002640, -0.04974365
 0.00002660, -0.05310059
 0.00002680, -0.05645752
 0.00002700, -0.05950928
 0.00002720, -0.06042480
 0.00002740, -0.05828857
 0.00002760, -0.05218506
 0.00002780, -0.04302979
 0.00002800, -0.03326416
 0.00002820, -0.02288818
 0.00002840, -0.01373291
 0.00002860, -0.00946045
 0.00002880, -0.00762939
 0.00002900, -0.01007080
 0.00002920, -0.01251221
 0.00002940, -0.01342773
 0.00002960, -0.01434326
 0.00002980, -0.01098633
 0.00003000, -0.00274658
 0.00003020,  0.00793457
 0.00003040,  0.01983643
 0.00003060,  0.02990723
 0.00003080,  0.03509521
 0.00003100,  0.03631592
 0.00003120,  0.03479004
 0.00003140,  0.03021240
 0.00003160,  0.02624512
 0.00003180,  0.02532959
 0.00003200,  0.02777100
 0.00003220,  0.03234863
 0.00003240,  0.03723145
 0.00003260,  0.04119873
 0.00003280,  0.04364014
 0.00003300,  0.04241943
 0.00003320,  0.03845215
 0.00003340,  0.03143311
 0.00003360,  0.02532959
 0.00003380,  0.02166748
 0.00003400,  0.02349854
 0.00003420,  0.02868652
 0.00003440,  0.03753662
 0.00003460,  0.04730225
 0.00003480,  0.05584717
 0.00003500,  0.06103516
 0.00003520,  0.06317139
 0.00003540,  0.06408691
 0.00003560,  0.06103516
 0.00003580,  0.05676270
 0.00003600,  0.05279541
 0.00003620,  0.04882813
 0.00003640,  0.04730225
 0.00003660,  0.04699707
 0.00003680,  0.04791260
 0.00003700,  0.04943848
 0.00003720,  0.05035400
 0.00003740,  0.04882813
 0.00003760,  0.04669189
 0.00003780,  0.04272461
 0.00003800,  0.03570557
 0.00003820,  0.02716064
 0.00003840,  0.01953125
 0.00003860,  0.01281738
 0.00003880,  0.00854492
 0.00003900,  0.00732422
 0.00003920,  0.00885010
 0.00003940,  0.00915527
 0.00003960,  0.01007080
 0.00003980,  0.00732422
 0.00004000,  0.00244141
 0.00004020, -0.00244141
 0.00004040, -0.00732422
 0.00004060, -0.01129150
 0.00004080, -0.01373291
 0.00004100, -0.01342773
 0.00004120, -0.01068115
 0.00004140, -0.00854492
 0.00004160, -0.00793457
 0.00004180, -0.00946045
 0.00004200, -0.01434326
 0.00004220, -0.01983643
 0.00004240, -0.02624512
 0.00004260, -0.03234863
 0.00004280, -0.03601074
 0.00004300, -0.03601074
 0.00004320, -0.03295898
 0.00004340, -0.02807617
 0.00004360, -0.02441406
 0.00004380, -0.02227783
 0.00004400, -0.02136230
 0.00004420, -0.02349854
 0.00004440, -0.02685547
 0.00004460, -0.03295898
 0.00004480, -0.03845215
 0.00004500, -0.04302979
 0.00004520, -0.04730225
 0.00004540, -0.04943848
 0.00004560, -0.04852295
 0.00004580, -0.04547119
 0.00004600, -0.04241943
 0.00004620, -0.03814697
 0.00004640, -0.03479004
 0.00004660, -0.03356934
 0.00004680, -0.03479004
 0.00004700, -0.03814697
 0.00004720, -0.04180908
 0.00004740, -0.04486084
 0.00004760, -0.04638672
 0.00004780, -0.04699707
 0.00004800, -0.04486084
 0.00004820, -0.04180908
 0.00004840, -0.03814697
 0.00004860, -0.03509521
 0.00004880, -0.03356934
 0.00004900, -0.03387451
 0.00004920, -0.03601074
 0.00004940, -0.03967285
 0.00004960, -0.04333496
 0.00004980, -0.04608154
 0.00005000, -0.04638672
 0.00005020, -0.04333496
 0.00005040, -0.03753662
 0.00005060, -0.02868652
 0.00005080, -0.02044678
 0.00005100, -0.01220703
 0.00005120, -0.00732422
 0.00005140, -0.00610352
 0.00005160, -0.00732422
 0.00005180, -0.01098633
 0.00005200, -0.01556396
 0.00005220, -0.01739502
 0.00005240, -0.01800537
 0.00005260, -0.01617432
 0.00005280, -0.00976563
 0.00005300, -0.00305176
 0.00005320,  0.00335693
 0.00005340,  0.00885010
 0.00005360,  0.01190186
 0.00005380,  0.00946045
 0.00005400,  0.00366211
 0.00005420, -0.00366211
 0.00005440, -0.01098633
 0.00005460, -0.01617432
 0.00005480, -0.01586914
 0.00005500, -0.01312256
 0.00005520, -0.00823975
 0.00005540,  0.00030518
 0.00005560,  0.00885010
 0.00005580,  0.01403809
 0.00005600,  0.01647949
 0.00005620,  0.01556396
 0.00005640,  0.01251221
 0.00005660,  0.00701904
 0.00005680,  0.00427246
 0.00005700,  0.00396729
 0.00005720,  0.00640869
 0.00005740,  0.01251221
 0.00005760,  0.02075195
 0.00005780,  0.02838135
 0.00005800,  0.03417969
 0.00005820,  0.03662109
 0.00005840,  0.03570557
 0.00005860,  0.03173828
 0.00005880,  0.02655029
 0.00005900,  0.02105713
 0.00005920,  0.01861572
 0.00005940,  0.01831055
 0.00005960,  0.02197266
 0.00005980,  0.02716064
 0.00006000,  0.03265381
 0.00006020,  0.03692627
 0.00006040,  0.03845215
 0.00006060,  0.03723145
 0.00006080,  0.03295898
 0.00006100,  0.02716064
 0.00006120,  0.02105713
 0.00006140,  0.01678467
 0.00006160,  0.01464844
 0.00006180,  0.01617432
 0.00006200,  0.02197266
 0.00006220,  0.02746582
 0.00006240,  0.03204346
 0.00006260,  0.03417969
 0.00006280,  0.03326416
 0.00006300,  0.02929688
 0.00006320,  0.02410889
 0.00006340,  0.01922607
 0.00006360,  0.01525879
 0.00006380,  0.01342773
 0.00006400,  0.01403809
 0.00006420,  0.01770020
 0.00006440,  0.02227783
 0.00006460,  0.02593994
 0.00006480,  0.02868652
 0.00006500,  0.02899170
 0.00006520,  0.02532959
 0.00006540,  0.02044678
 0.00006560,  0.01525879
 0.00006580,  0.01159668
 0.00006600,  0.01129150
 0.00006620,  0.01342773
 0.00006640,  0.01739502
 0.00006660,  0.02319336
 0.00006680,  0.02777100
 0.00006700,  0.03051758
 0.00006720,  0.02929688
 0.00006740,  0.02410889
 0.00006760,  0.01647949
 0.00006780,  0.00976563
 0.00006800,  0.00518799
 0.00006820,  0.00335693
 0.00006840,  0.00396729
 0.00006860,  0.00762939
 0.00006880,  0.01281738
 0.00006900,  0.01617432
 0.00006920,  0.01739502
 0.00006940,  0.01403809
 0.00006960,  0.00762939
 0.00006980, -0.00061035
 0.00007000, -0.00915527
 0.00007020, -0.01495361
 0.00007040, -0.01739502
 0.00007060, -0.01617432
 0.00007080, -0.01098633
 0.00007100, -0.00427246
 0.00007120,  0.00213623
 0.00007140,  0.00640869
 0.00007160,  0.00671387
 0.00007180,  0.00274658
 0.00007200, -0.00518799
 0.00007220, -0.01373291
 0.00007240, -0.01953125
 0.00007260, -0.02349854
 0.00007280, -0.02105713
 0.00007300, -0.01434326
 0.00007320, -0.00610352
 0.00007340,  0.00335693
 0.00007360,  0.01098633
 0.00007380,  0.01403809
 0.00007400,  0.01129150
 0.00007420,  0.00457764
 0.00007440, -0.00640869
 0.00007460, -0.01770020
 0.00007480, -0.02532959
 0.00007500, -0.02868652
 0.00007520, -0.02746582
 0.00007540, -0.02105713
 0.00007560, -0.01281738
 0.00007580, -0.00427246
 0.00007600,  0.00061035
 0.00007620, -0.00030518
 0.00007640, -0.00579834
 0.00007660, -0.01525879
 0.00007680, -0.02532959
 0.00007700, -0.03479004
 0.00007720, -0.03997803
 0.00007740, -0.03997803
 0.00007760, -0.03326416
 0.00007780, -0.02410889
 0.00007800, -0.01434326
 0.00007820, -0.00793457
 0.00007840, -0.00488281
 0.00007860, -0.00854492
 0.00007880, -0.01586914
 0.00007900, -0.02410889
 0.00007920, -0.03112793
 0.00007940, -0.03479004
 0.00007960, -0.03265381
 0.00007980, -0.02655029
 0.00008000, -0.01647949
 0.00008020, -0.00885010
 0.00008040, -0.00122070
 0.00008060,  0.00183105
 0.00008080,  0.00091553
 0.00008100, -0.00396729
 0.00008120, -0.01190186
 0.00008140, -0.02044678
 0.00008160, -0.02502441
 0.00008180, -0.02655029
 0.00008200, -0.02258301
 0.00008220, -0.01556396
 0.00008240, -0.00732422
 0.00008260,  0.00061035
 0.00008280,  0.00640869
 0.00008300,  0.00762939
 0.00008320,  0.00518799
 0.00008340, -0.00305176
 0.00008360, -0.01159668
 0.00008380, -0.01892090
 0.00008400, -0.02532959
 0.00008420, -0.02777100
 0.00008440, -0.02410889
 0.00008460, -0.01647949
 0.00008480, -0.00793457
 0.00008500,  0.00152588
 0.00008520,  0.00640869
 0.00008540,  0.00671387
 0.00008560,  0.00335693
 0.00008580, -0.00274658
 0.00008600, -0.00915527
 0.00008620, -0.01281738
 0.00008640, -0.01251221
 0.00008660, -0.00793457
 0.00008680,  0.00000000
 0.00008700,  0.00793457
 0.00008720,  0.01312256
 0.00008740,  0.01495361
 0.00008760,  0.01098633
 0.00008780,  0.00396729
 0.00008800, -0.00335693
 0.00008820, -0.00823975
 0.00008840, -0.00915527
 0.00008860, -0.00457764
 0.00008880,  0.00335693
 0.00008900,  0.01159668
 0.00008920,  0.01861572
 0.00008940,  0.02197266
 0.00008960,  0.02136230
 0.00008980,  0.01647949
 0.00009000,  0.00885010
 0.00009020,  0.00213623
 0.00009040, -0.00274658
 0.00009060, -0.00366211
 0.00009080, -0.00091553
 0.00009100,  0.00396729
 0.00009120,  0.00915527
 0.00009140,  0.01312256
 0.00009160,  0.01434326
 0.00009180,  0.01281738
 0.00009200,  0.00823975
 0.00009220,  0.00244141
 0.00009240, -0.00305176
 0.00009260, -0.00671387
 0.00009280, -0.00793457
 0.00009300, -0.00732422
 0.00009320, -0.00488281
 0.00009340, -0.00213623
 0.00009360,  0.00030518
 0.00009380,  0.00305176
 0.00009400,  0.00427246
 0.00009420,  0.00213623
 0.00009440,  0.00122070
 0.00009460, -0.00061035
 0.00009480, -0.00366211
 0.00009500, -0.00457764
 0.00009520, -0.00427246
 0.00009540, -0.00244141
 0.00009560,  0.00000000
 0.00009580,  0.00183105
 0.00009600,  0.00335693
 0.00009620,  0.00518799
 0.00009640,  0.00640869
 0.00009660,  0.00610352
 0.00009680,  0.00579834
 0.00009700,  0.00396729
 0.00009720,  0.00152588
 0.00009740, -0.00061035
 0.00009760, -0.00213623
 0.00009780, -0.00305176
 0.00009800, -0.00213623
 0.00009820, -0.00152588
 0.00009840, -0.00061035
 0.00009860, -0.00030518
 0.00009880, -0.00030518
 0.00009900, -0.00091553
 0.00009920, -0.00305176
 0.00009940, -0.00518799
 0.00009960, -0.00732422
 0.00009980, -0.00762939
 0.00010000, -0.00610352
 0.00010020, -0.00427246
 0.00010040, -0.00061035
 0.00010060,  0.00274658
 0.00010080,  0.00579834
 0.00010100,  0.00671387
 0.00010120,  0.00671387
 0.00010140,  0.00549316
 0.00010160,  0.00549316
 0.00010180,  0.00610352
 0.00010200,  0.00762939
 0.00010220,  0.01068115
 0.00010240,  0.01373291
 0.00010260,  0.01800537
 0.00010280,  0.02105713
 0.00010300,  0.02319336
 0.00010320,  0.02105713
 0.00010340,  0.01739502
 0.00010360,  0.01281738
 0.00010380,  0.00823975
 0.00010400,  0.00610352
 0.00010420,  0.00549316
 0.00010440,  0.00793457
 0.00010460,  0.01281738
 0.00010480,  0.01678467
 0.00010500,  0.02014160
 0.00010520,  0.02227783
 0.00010540,  0.02197266
 0.00010560,  0.01953125
 0.00010580,  0.01586914
 0.00010600,  0.01220703
 0.00010620,  0.00946045
 0.00010640,  0.00854492
 0.00010660,  0.00854492
 0.00010680,  0.01007080
 0.00010700,  0.01251221
 0.00010720,  0.01312256
 0.00010740,  0.01434326
 0.00010760,  0.01312256
 0.00010780,  0.01129150
 0.00010800,  0.00701904
 0.00010820,  0.00518799
 0.00010840,  0.00366211
 0.00010860,  0.00366211
 0.00010880,  0.00518799
 0.00010900,  0.00701904
 0.00010920,  0.00885010
 0.00010940,  0.00976563
 0.00010960,  0.00823975
 0.00010980,  0.00396729
 0.00011000, -0.00091553
 0.00011020, -0.00488281
 0.00011040, -0.00793457
 0.00011060, -0.00762939
 0.00011080, -0.00488281
 0.00011100, -0.00030518
 0.00011120,  0.00549316
 0.00011140,  0.00976563
 0.00011160,  0.01007080
 0.00011180,  0.00640869
 0.00011200, -0.00122070
 0.00011220, -0.01007080
 0.00011240, -0.01892090
 0.00011260, -0.02319336
 0.00011280, -0.02502441
 0.00011300, -0.02227783
 0.00011320, -0.01586914
 0.00011340, -0.01037598
 0.00011360, -0.00579834
 0.00011380, -0.00274658
 0.00011400, -0.00366211
 0.00011420, -0.00854492
 0.00011440, -0.01617432
 0.00011460, -0.02319336
 0.00011480, -0.02990723
 0.00011500, -0.03326416
 0.00011520, -0.03356934
 0.00011540, -0.03082275
 0.00011560, -0.02563477
 0.00011580, -0.02105713
 0.00011600, -0.01861572
 0.00011620, -0.02044678
 0.00011640, -0.02288818
 0.00011660, -0.02899170
 0.00011680, -0.03417969
 0.00011700, -0.03845215
 0.00011720, -0.03997803
 0.00011740, -0.03723145
 0.00011760, -0.03204346
 0.00011780, -0.02502441
 0.00011800, -0.01770020
 0.00011820, -0.01312256
 0.00011840, -0.01037598
 0.00011860, -0.01037598
 0.00011880, -0.01190186
 0.00011900, -0.01403809
 0.00011920, -0.01525879
 0.00011940, -0.01678467
 0.00011960, -0.01617432
 0.00011980, -0.01495361
 0.00012000, -0.01403809
 0.00012020, -0.01129150
 0.00012040, -0.00885010
 0.00012060, -0.00793457
 0.00012080, -0.00976563
 0.00012100, -0.01342773
 0.00012120, -0.01892090
 0.00012140, -0.02319336
 0.00012160, -0.02807617
 0.00012180, -0.03204346
 0.00012200, -0.03356934
 0.00012220, -0.03295898
 0.00012240, -0.03051758
 0.00012260, -0.02624512
 0.00012280, -0.02166748
 0.00012300, -0.01678467
 0.00012320, -0.01434326
 0.00012340, -0.01434326
 0.00012360, -0.01464844
 0.00012380, -0.01556396
 0.00012400, -0.01678467
 0.00012420, -0.01770020
 0.00012440, -0.01586914
 0.00012460, -0.01159668
 0.00012480, -0.00549316
 0.00012500,  0.00122070
 0.00012520,  0.00701904
 0.00012540,  0.01190186
 0.00012560,  0.01373291
 0.00012580,  0.01373291
 0.00012600,  0.01159668
 0.00012620,  0.00732422
 0.00012640,  0.00366211
 0.00012660,  0.00061035
 0.00012680,  0.00000000
 0.00012700,  0.00030518
 0.00012720,  0.00274658
 0.00012740,  0.00671387
 0.00012760,  0.01068115
 0.00012780,  0.01281738
 0.00012800,  0.01403809
 0.00012820,  0.01281738
 0.00012840,  0.01007080
 0.00012860,  0.00762939
 0.00012880,  0.00549316
 0.00012900,  0.00518799
 0.00012920,  0.00671387
 0.00012940,  0.00885010
 0.00012960,  0.01251221
 0.00012980,  0.01617432
 0.00013000,  0.01861572
 0.00013020,  0.01953125
 0.00013040,  0.01922607
 0.00013060,  0.01892090
 0.00013080,  0.01861572
 0.00013100,  0.01831055
 0.00013120,  0.01922607
 0.00013140,  0.02227783
 0.00013160,  0.02685547
 0.00013180,  0.03143311
 0.00013200,  0.03417969
 0.00013220,  0.03570557
 0.00013240,  0.03417969
 0.00013260,  0.03112793
 0.00013280,  0.02624512
 0.00013300,  0.02136230
 0.00013320,  0.01708984
 0.00013340,  0.01495361
 0.00013360,  0.01495361
 0.00013380,  0.01586914
 0.00013400,  0.01708984
 0.00013420,  0.01892090
 0.00013440,  0.01831055
 0.00013460,  0.01464844
 0.00013480,  0.00793457
 0.00013500,  0.00030518
 0.00013520, -0.00640869
 0.00013540, -0.01190186
 0.00013560, -0.01434326
 0.00013580, -0.01403809
 0.00013600, -0.01098633
 0.00013620, -0.00579834
 0.00013640, -0.00122070
 0.00013660,  0.00305176
 0.00013680,  0.00427246
 0.00013700,  0.00305176
 0.00013720, -0.00091553
 0.00013740, -0.00549316
 0.00013760, -0.00915527
 0.00013780, -0.01037598
 0.00013800, -0.00762939
 0.00013820, -0.00305176
 0.00013840,  0.00244141
 0.00013860,  0.00946045
 0.00013880,  0.01525879
 0.00013900,  0.01800537
 0.00013920,  0.01708984
 0.00013940,  0.01434326
 0.00013960,  0.00854492
 0.00013980,  0.00518799
 0.00014000,  0.00274658
 0.00014020,  0.00366211
 0.00014040,  0.00732422
 0.00014060,  0.01251221
 0.00014080,  0.01800537
 0.00014100,  0.02471924
 0.00014120,  0.02807617
 0.00014140,  0.02624512
 0.00014160,  0.02227783
 0.00014180,  0.01586914
 0.00014200,  0.00915527
 0.00014220,  0.00457764
 0.00014240,  0.00305176
 0.00014260,  0.00457764
 0.00014280,  0.00762939
 0.00014300,  0.01342773
 0.00014320,  0.01831055
 0.00014340,  0.02105713
 0.00014360,  0.02105713
 0.00014380,  0.01770020
 0.00014400,  0.01312256
 0.00014420,  0.00701904
 0.00014440,  0.00213623
 0.00014460,  0.00122070
 0.00014480,  0.00274658
 0.00014500,  0.00640869
 0.00014520,  0.01098633
 0.00014540,  0.01525879
 0.00014560,  0.01739502
 0.00014580,  0.01678467
 0.00014600,  0.01312256
 0.00014620,  0.00701904
 0.00014640,  0.00122070
 0.00014660, -0.00366211
 0.00014680, -0.00579834
 0.00014700, -0.00671387
 0.00014720, -0.00488281
 0.00014740, -0.00244141
 0.00014760, -0.00091553
 0.00014780,  0.00000000
 0.00014800, -0.00152588
 0.00014820, -0.00640869
 0.00014840, -0.01312256
 0.00014860, -0.02105713
 0.00014880, -0.02655029
 0.00014900, -0.03051758
 0.00014920, -0.03204346
 0.00014940, -0.02929688
 0.00014960, -0.02471924
 0.00014980, -0.02044678
 0.00015000, -0.01708984
 0.00015020, -0.01770020
 0.00015040, -0.01892090
 0.00015060, -0.02502441
 0.00015080, -0.03204346
 0.00015100, -0.03936768
 0.00015120, -0.04516602
 0.00015140, -0.04699707
 0.00015160, -0.04516602
 0.00015180, -0.03936768
 0.00015200, -0.03112793
 0.00015220, -0.02441406
 0.00015240, -0.01892090
 0.00015260, -0.01770020
 0.00015280, -0.01892090
 0.00015300, -0.02258301
 0.00015320, -0.02777100
 0.00015340, -0.03204346
 0.00015360, -0.03326416
 0.00015380, -0.02960205
 0.00015400, -0.02349854
 0.00015420, -0.01586914
 0.00015440, -0.00854492
 0.00015460, -0.00396729
 0.00015480, -0.00244141
 0.00015500, -0.00396729
 0.00015520, -0.00915527
 0.00015540, -0.01586914
 0.00015560, -0.01953125
 0.00015580, -0.02075195
 0.00015600, -0.01678467
 0.00015620, -0.01129150
 0.00015640, -0.00366211
 0.00015660,  0.00335693
 0.00015680,  0.00793457
 0.00015700,  0.00915527
 0.00015720,  0.00579834
 0.00015740,  0.00030518
 0.00015760, -0.00549316
 0.00015780, -0.01068115
 0.00015800, -0.01098633
 0.00015820, -0.00793457
 0.00015840, -0.00213623
 0.00015860,  0.00671387
 0.00015880,  0.01434326
 0.00015900,  0.01983643
 0.00015920,  0.02227783
 0.00015940,  0.01983643
 0.00015960,  0.01586914
 0.00015980,  0.01190186
 0.00016000,  0.00854492
 0.00016020,  0.00793457
 0.00016040,  0.01098633
 0.00016060,  0.01770020
 0.00016080,  0.02441406
 0.00016100,  0.03051758
 0.00016120,  0.03387451
 0.00016140,  0.03448486
 0.00016160,  0.03326416
 0.00016180,  0.02868652
 0.00016200,  0.02349854
 0.00016220,  0.02044678
 0.00016240,  0.01892090
 0.00016260,  0.02014160
 0.00016280,  0.02197266
 0.00016300,  0.02441406
 0.00016320,  0.02777100
 0.00016340,  0.02990723
 0.00016360,  0.02960205
 0.00016380,  0.02746582
 0.00016400,  0.02288818
 0.00016420,  0.01770020
 0.00016440,  0.01220703
 0.00016460,  0.00946045
 0.00016480,  0.00885010
 0.00016500,  0.00946045
 0.00016520,  0.01068115
 0.00016540,  0.01190186
 0.00016560,  0.01251221
 0.00016580,  0.01251221
 0.00016600,  0.01098633
 0.00016620,  0.00823975
 0.00016640,  0.00549316
 0.00016660,  0.00274658
 0.00016680,  0.00122070
 0.00016700,  0.00122070
 0.00016720,  0.00213623
 0.00016740,  0.00457764
 0.00016760,  0.00579834
 0.00016780,  0.00671387
 0.00016800,  0.00640869
 0.00016820,  0.00457764
 0.00016840,  0.00122070
 0.00016860, -0.00305176
 0.00016880, -0.00732422
 0.00016900, -0.01037598
 0.00016920, -0.01159668
 0.00016940, -0.01068115
 0.00016960, -0.00823975
 0.00016980, -0.00488281
 0.00017000, -0.00183105
 0.00017020, -0.00030518
 0.00017040, -0.00091553
 0.00017060, -0.00366211
 0.00017080, -0.00854492
 0.00017100, -0.01464844
 0.00017120, -0.01800537
 0.00017140, -0.02075195
 0.00017160, -0.02166748
 0.00017180, -0.02044678
 0.00017200, -0.01708984
 0.00017220, -0.01403809
 0.00017240, -0.01190186
 0.00017260, -0.01129150
 0.00017280, -0.01251221
 0.00017300, -0.01586914
 0.00017320, -0.02014160
 0.00017340, -0.02410889
 0.00017360, -0.02655029
 0.00017380, -0.02777100
 0.00017400, -0.02563477
 0.00017420, -0.02044678
 0.00017440, -0.01678467
 0.00017460, -0.01159668
 0.00017480, -0.00854492
 0.00017500, -0.00762939
 0.00017520, -0.01007080
 0.00017540, -0.01281738
 0.00017560, -0.01434326
 0.00017580, -0.01464844
 0.00017600, -0.01373291
 0.00017620, -0.01068115
 0.00017640, -0.00732422
 0.00017660, -0.00335693
 0.00017680,  0.00000000
 0.00017700,  0.00183105
 0.00017720,  0.00061035
 0.00017740, -0.00305176
 0.00017760, -0.00610352
 0.00017780, -0.00793457
 0.00017800, -0.00854492
 0.00017820, -0.00701904
 0.00017840, -0.00396729
 0.00017860, -0.00061035
 0.00017880,  0.00274658
 0.00017900,  0.00366211
 0.00017920,  0.00244141
 0.00017940, -0.00091553
 0.00017960, -0.00457764
 0.00017980, -0.00701904
 0.00018000, -0.00762939
 0.00018020, -0.00732422
 0.00018040, -0.00396729
 0.00018060,  0.00091553
 0.00018080,  0.00579834
 0.00018100,  0.00823975
 0.00018120,  0.00885010
 0.00018140,  0.00793457
 0.00018160,  0.00457764
 0.00018180,  0.00091553
 0.00018200, -0.00213623
 0.00018220, -0.00305176
 0.00018240, -0.00152588
 0.00018260,  0.00152588
 0.00018280,  0.00732422
 0.00018300,  0.01312256
 0.00018320,  0.01770020
 0.00018340,  0.01983643
 0.00018360,  0.01983643
 0.00018380,  0.01739502
 0.00018400,  0.01403809
 0.00018420,  0.01007080
 0.00018440,  0.00823975
 0.00018460,  0.00793457
 0.00018480,  0.00823975
 0.00018500,  0.01190186
 0.00018520,  0.01434326
 0.00018540,  0.01586914
 0.00018560,  0.01525879
 0.00018580,  0.01464844
 0.00018600,  0.01220703
 0.00018620,  0.00793457
 0.00018640,  0.00488281
 0.00018660,  0.00274658
 0.00018680,  0.00122070
 0.00018700,  0.00183105
 0.00018720,  0.00335693
 0.00018740,  0.00518799
 0.00018760,  0.00640869
 0.00018780,  0.00549316
 0.00018800,  0.00366211
 0.00018820,  0.00122070
 0.00018840, -0.00274658
 0.00018860, -0.00579834
 0.00018880, -0.00701904
 0.00018900, -0.00671387
 0.00018920, -0.00427246
 0.00018940, -0.00091553
 0.00018960,  0.00396729
 0.00018980,  0.00701904
 0.00019000,  0.00885010
 0.00019020,  0.00885010
 0.00019040,  0.00701904
 0.00019060,  0.00335693
 0.00019080, -0.00061035
 0.00019100, -0.00335693
 0.00019120, -0.00427246
 0.00019140, -0.00488281
 0.00019160, -0.00305176
 0.00019180, -0.00122070
 0.00019200,  0.00152588
 0.00019220,  0.00427246
 0.00019240,  0.00549316
 0.00019260,  0.00396729
 0.00019280,  0.00122070
 0.00019300, -0.00244141
 0.00019320, -0.00640869
 0.00019340, -0.00946045
 0.00019360, -0.01159668
 0.00019380, -0.01220703
 0.00019400, -0.01159668
 0.00019420, -0.01068115
 0.00019440, -0.01007080
 0.00019460, -0.00946045
 0.00019480, -0.01007080
 0.00019500, -0.01068115
 0.00019520, -0.01281738
 0.00019540, -0.01495361
 0.00019560, -0.01739502
 0.00019580, -0.01708984
 0.00019600, -0.01647949
 0.00019620, -0.01495361
 0.00019640, -0.01281738
 0.00019660, -0.00885010
 0.00019680, -0.00610352
 0.00019700, -0.00457764
 0.00019720, -0.00610352
 0.00019740, -0.00701904
 0.00019760, -0.00946045
 0.00019780, -0.01129150
 0.00019800, -0.01251221
 0.00019820, -0.01281738
 0.00019840, -0.01129150
 0.00019860, -0.00793457
 0.00019880, -0.00366211
 0.00019900,  0.00122070
 0.00019920,  0.00427246
 0.00019940,  0.00396729
 0.00019960,  0.00061035
 0.00019980, -0.00549316
 0.00020000, -0.01251221
 0.00020020, -0.01770020
 0.00020040, -0.02075195
 0.00020060, -0.02136230
 0.00020080, -0.01892090
 0.00020100, -0.01678467
 0.00020120, -0.01129150
 0.00020140, -0.00671387
 0.00020160, -0.00396729
 0.00020180, -0.00488281
 0.00020200, -0.00823975
 0.00020220, -0.01251221
 0.00020240, -0.01739502
 0.00020260, -0.01953125
 0.00020280, -0.02105713
 0.00020300, -0.02014160
 0.00020320, -0.01586914
 0.00020340, -0.01068115
 0.00020360, -0.00549316
 0.00020380, -0.00183105
 0.00020400,  0.00061035
 0.00020420, -0.00030518
 0.00020440, -0.00366211
 0.00020460, -0.00762939
 0.00020480, -0.01098633
 0.00020500, -0.01251221
 0.00020520, -0.01342773
 0.00020540, -0.01037598
 0.00020560, -0.00518799
 0.00020580,  0.00030518
 0.00020600,  0.00396729
 0.00020620,  0.00640869
 0.00020640,  0.00488281
 0.00020660,  0.00122070
 0.00020680, -0.00244141
 0.00020700, -0.00701904
 0.00020720, -0.01129150
 0.00020740, -0.01342773
 0.00020760, -0.01220703
 0.00020780, -0.00915527
 0.00020800, -0.00457764
 0.00020820, -0.00061035
 0.00020840,  0.00213623
 0.00020860,  0.00244141
 0.00020880,  0.00061035
 0.00020900, -0.00244141
 0.00020920, -0.00518799
 0.00020940, -0.00701904
 0.00020960, -0.00640869
 0.00020980, -0.00396729
 0.00021000, -0.00030518
 0.00021020,  0.00457764
 0.00021040,  0.01037598
 0.00021060,  0.01434326
 0.00021080,  0.01586914
 0.00021100,  0.01464844
 0.00021120,  0.01220703
 0.00021140,  0.00793457
 0.00021160,  0.00488281
 0.00021180,  0.00305176
 0.00021200,  0.00305176
 0.00021220,  0.00549316
 0.00021240,  0.00915527
 0.00021260,  0.01312256
 0.00021280,  0.01647949
 0.00021300,  0.01647949
 0.00021320,  0.01403809
 0.00021340,  0.00976563
 0.00021360,  0.00518799
 0.00021380,  0.00122070
 0.00021400,  0.00061035
 0.00021420,  0.00122070
 0.00021440,  0.00488281
 0.00021460,  0.00946045
 0.00021480,  0.01373291
 0.00021500,  0.01739502
 0.00021520,  0.02044678
 0.00021540,  0.02014160
 0.00021560,  0.01953125
 0.00021580,  0.01800537
 0.00021600,  0.01678467
 0.00021620,  0.01525879
 0.00021640,  0.01678467
 0.00021660,  0.01739502
 0.00021680,  0.01861572
 0.00021700,  0.02105713
 0.00021720,  0.02136230
 0.00021740,  0.01983643
 0.00021760,  0.01861572
 0.00021780,  0.01464844
 0.00021800,  0.01037598
 0.00021820,  0.00610352
 0.00021840,  0.00427246
 0.00021860,  0.00274658
 0.00021880,  0.00335693
 0.00021900,  0.00335693
 0.00021920,  0.00335693
 0.00021940,  0.00366211
 0.00021960,  0.00244141
 0.00021980,  0.00030518
 0.00022000, -0.00091553
 0.00022020, -0.00183105
 0.00022040, -0.00152588
 0.00022060,  0.00061035
 0.00022080,  0.00396729
 0.00022100,  0.00640869
 0.00022120,  0.00915527
 0.00022140,  0.01007080
 0.00022160,  0.00946045
 0.00022180,  0.00854492
 0.00022200,  0.00579834
 0.00022220,  0.00366211
 0.00022240,  0.00274658
 0.00022260,  0.00213623
 0.00022280,  0.00335693
 0.00022300,  0.00549316
 0.00022320,  0.00671387
 0.00022340,  0.00701904
 0.00022360,  0.00671387
 0.00022380,  0.00518799
 0.00022400,  0.00305176
 0.00022420, -0.00091553
 0.00022440, -0.00579834
 0.00022460, -0.01007080
 0.00022480, -0.01220703
 0.00022500, -0.01281738
 0.00022520, -0.01281738
 0.00022540, -0.01037598
 0.00022560, -0.00946045
 0.00022580, -0.00762939
 0.00022600, -0.00610352
 0.00022620, -0.00518799
 0.00022640, -0.00518799
 0.00022660, -0.00610352
 0.00022680, -0.00640869
 0.00022700, -0.00610352
 0.00022720, -0.00518799
 0.00022740, -0.00274658
 0.00022760,  0.00091553
 0.00022780,  0.00488281
 0.00022800,  0.00823975
 0.00022820,  0.01129150
 0.00022840,  0.01403809
 0.00022860,  0.01495361
 0.00022880,  0.01403809
 0.00022900,  0.01129150
 0.00022920,  0.00854492
 0.00022940,  0.00610352
 0.00022960,  0.00488281
 0.00022980,  0.00518799
 0.00023000,  0.00671387
 0.00023020,  0.00671387
 0.00023040,  0.00823975
 0.00023060,  0.00885010
 0.00023080,  0.00762939
 0.00023100,  0.00549316
 0.00023120,  0.00244141
 0.00023140, -0.00213623
 0.00023160, -0.00671387
 0.00023180, -0.01129150
 0.00023200, -0.01525879
 0.00023220, -0.01708984
 0.00023240, -0.01586914
 0.00023260, -0.01617432
 0.00023280, -0.01403809
 0.00023300, -0.01068115
 0.00023320, -0.00946045
 0.00023340, -0.00885010
 0.00023360, -0.00885010
 0.00023380, -0.00854492
 0.00023400, -0.00885010
 0.00023420, -0.00885010
 0.00023440, -0.00854492
 0.00023460, -0.00732422
 0.00023480, -0.00671387
 0.00023500, -0.00579834
 0.00023520, -0.00457764
 0.00023540, -0.00335693
 0.00023560, -0.00244141
 0.00023580, -0.00122070
 0.00023600, -0.00152588
 0.00023620, -0.00183105
 0.00023640, -0.00244141
 0.00023660, -0.00366211
 0.00023680, -0.00427246
 0.00023700, -0.00549316
 0.00023720, -0.00579834
 0.00023740, -0.00549316
 0.00023760, -0.00488281
 0.00023780, -0.00457764
 0.00023800, -0.00518799
 0.00023820, -0.00671387
 0.00023840, -0.00854492
 0.00023860, -0.00946045
 0.00023880, -0.00915527
 0.00023900, -0.00823975
 0.00023920, -0.00762939
 0.00023940, -0.00701904
 0.00023960, -0.00640869
 0.00023980, -0.00640869
 0.00024000, -0.00671387
 0.00024020, -0.00671387
 0.00024040, -0.00793457
 0.00024060, -0.00946045
 0.00024080, -0.00946045
 0.00024100, -0.01007080
 0.00024120, -0.00885010
 0.00024140, -0.00640869
 0.00024160, -0.00335693
 0.00024180, -0.00122070
 0.00024200,  0.00091553
 0.00024220,  0.00152588
 0.00024240,  0.00183105
 0.00024260,  0.00030518
 0.00024280, -0.00152588
 0.00024300, -0.00366211
 0.00024320, -0.00549316
 0.00024340, -0.00671387
 0.00024360, -0.00640869
 0.00024380, -0.00579834
 0.00024400, -0.00488281
 0.00024420, -0.00427246
 0.00024440, -0.00427246
 0.00024460, -0.00518799
 0.00024480, -0.00701904
 0.00024500, -0.00976563
 0.00024520, -0.01373291
 0.00024540, -0.01739502
 0.00024560, -0.01892090
 0.00024580, -0.01892090
 0.00024600, -0.01861572
 0.00024620, -0.01800537
 0.00024640, -0.01647949
 0.00024660, -0.01739502
 0.00024680, -0.01708984
 0.00024700, -0.01770020
 0.00024720, -0.01800537
 0.00024740, -0.01800537
 0.00024760, -0.01770020
 0.00024780, -0.01861572
 0.00024800, -0.01556396
 0.00024820, -0.01434326
 0.00024840, -0.01159668
 0.00024860, -0.00915527
 0.00024880, -0.00640869
 0.00024900, -0.00427246
 0.00024920, -0.00274658
 0.00024940, -0.00091553
 0.00024960,  0.00122070
 0.00024980,  0.00305176
 0.00025000,  0.00579834
 0.00025020,  0.00671387
 0.00025040,  0.00762939
 0.00025060,  0.00732422
 0.00025080,  0.00701904
 0.00025100,  0.00762939
 0.00025120,  0.00885010
 0.00025140,  0.00854492
 0.00025160,  0.01068115
 0.00025180,  0.01281738
 0.00025200,  0.01495361
 0.00025220,  0.01708984
 0.00025240,  0.01892090
 0.00025260,  0.01831055
 0.00025280,  0.01831055
 0.00025300,  0.01678467
 0.00025320,  0.01403809
 0.00025340,  0.01190186
 0.00025360,  0.01068115
 0.00025380,  0.00915527
 0.00025400,  0.00915527
 0.00025420,  0.01159668
 0.00025440,  0.01403809
 0.00025460,  0.01678467
 0.00025480,  0.01953125
 0.00025500,  0.02014160
 0.00025520,  0.01922607
 0.00025540,  0.01739502
 0.00025560,  0.01464844
 0.00025580,  0.01251221
 0.00025600,  0.01159668
 0.00025620,  0.01220703
 0.00025640,  0.01464844
 0.00025660,  0.01892090
 0.00025680,  0.02288818
 0.00025700,  0.02532959
 0.00025720,  0.02746582
 0.00025740,  0.02655029
 0.00025760,  0.02380371
 0.00025780,  0.01983643
 0.00025800,  0.01556396
 0.00025820,  0.01251221
 0.00025840,  0.01129150
 0.00025860,  0.01068115
 0.00025880,  0.01220703
 0.00025900,  0.01403809
 0.00025920,  0.01373291
 0.00025940,  0.01281738
 0.00025960,  0.00946045
 0.00025980,  0.00366211
 0.00026000, -0.00244141
 0.00026020, -0.00671387
 0.00026040, -0.00946045
 0.00026060, -0.00976563
 0.00026080, -0.00823975
 0.00026100, -0.00549316
 0.00026120, -0.00274658
 0.00026140, -0.00213623
 0.00026160, -0.00457764
 0.00026180, -0.00915527
 0.00026200, -0.01373291
 0.00026220, -0.01800537
 0.00026240, -0.02166748
 0.00026260, -0.02349854
 0.00026280, -0.02288818
 0.00026300, -0.02014160
 0.00026320, -0.01647949
 0.00026340, -0.01190186
 0.00026360, -0.00793457
 0.00026380, -0.00457764
 0.00026400, -0.00396729
 0.00026420, -0.00579834
 0.00026440, -0.00823975
 0.00026460, -0.01068115
 0.00026480, -0.01129150
 0.00026500, -0.01373291
 0.00026520, -0.01312256
 0.00026540, -0.01129150
 0.00026560, -0.01007080
 0.00026580, -0.00823975
 0.00026600, -0.00762939
 0.00026620, -0.00671387
 0.00026640, -0.00762939
 0.00026660, -0.00885010
 0.00026680, -0.01068115
 0.00026700, -0.01312256
 0.00026720, -0.01525879
 0.00026740, -0.01495361
 0.00026760, -0.01586914
 0.00026780, -0.01739502
 0.00026800, -0.01922607
 0.00026820, -0.01831055
 0.00026840, -0.01922607
 0.00026860, -0.02014160
 0.00026880, -0.02075195
 0.00026900, -0.02105713
 0.00026920, -0.01953125
 0.00026940, -0.01800537
 0.00026960, -0.01647949
 0.00026980, -0.01495361
 0.00027000, -0.01403809
 0.00027020, -0.01251221
 0.00027040, -0.01129150
 0.00027060, -0.01068115
 0.00027080, -0.01007080
 0.00027100, -0.00885010
 0.00027120, -0.00671387
 0.00027140, -0.00488281
 0.00027160, -0.00244141
 0.00027180,  0.00122070
 0.00027200,  0.00366211
 0.00027220,  0.00518799
 0.00027240,  0.00579834
 0.00027260,  0.00518799
 0.00027280,  0.00488281
 0.00027300,  0.00305176
 0.00027320,  0.00244141
 0.00027340,  0.00305176
 0.00027360,  0.00396729
 0.00027380,  0.00457764
 0.00027400,  0.00488281
 0.00027420,  0.00488281
 0.00027440,  0.00457764
 0.00027460,  0.00274658
 0.00027480,  0.00122070
 0.00027500, -0.00244141
 0.00027520, -0.00457764
 0.00027540, -0.00671387
 0.00027560, -0.00762939
 0.00027580, -0.00823975
 0.00027600, -0.00732422
 0.00027620, -0.00610352
 0.00027640, -0.00457764
 0.00027660, -0.00305176
 0.00027680, -0.00274658
 0.00027700, -0.00396729
 0.00027720, -0.00488281
 0.00027740, -0.00549316
 0.00027760, -0.00610352
 0.00027780, -0.00610352
 0.00027800, -0.00396729
 0.00027820, -0.00152588
 0.00027840,  0.00091553
 0.00027860,  0.00427246
 0.00027880,  0.00549316
 0.00027900,  0.00488281
 0.00027920,  0.00396729
 0.00027940,  0.00091553
 0.00027960, -0.00335693
 0.00027980, -0.00701904
 0.00028000, -0.00976563
 0.00028020, -0.01068115
 0.00028040, -0.01098633
 0.00028060, -0.01007080
 0.00028080, -0.00823975
 0.00028100, -0.00579834
 0.00028120, -0.00488281
 0.00028140, -0.00518799
 0.00028160, -0.00610352
 0.00028180, -0.00823975
 0.00028200, -0.01007080
 0.00028220, -0.01159668
 0.00028240, -0.01312256
 0.00028260, -0.01373291
 0.00028280, -0.01190186
 0.00028300, -0.01190186
 0.00028320, -0.00976563
 0.00028340, -0.00732422
 0.00028360, -0.00610352
 0.00028380, -0.00518799
 0.00028400, -0.00457764
 0.00028420, -0.00457764
 0.00028440, -0.00488281
 0.00028460, -0.00457764
 0.00028480, -0.00274658
 0.00028500,  0.00030518
 0.00028520,  0.00427246
 0.00028540,  0.00793457
 0.00028560,  0.01129150
 0.00028580,  0.01342773
 0.00028600,  0.01403809
 0.00028620,  0.01312256
 0.00028640,  0.01129150
 0.00028660,  0.00854492
 0.00028680,  0.00610352
 0.00028700,  0.00457764
 0.00028720,  0.00457764
 0.00028740,  0.00518799
 0.00028760,  0.00671387
 0.00028780,  0.00885010
 0.00028800,  0.01098633
 0.00028820,  0.01190186
 0.00028840,  0.01190186
 0.00028860,  0.01190186
 0.00028880,  0.01220703
 0.00028900,  0.01342773
 0.00028920,  0.01525879
 0.00028940,  0.01647949
 0.00028960,  0.01892090
 0.00028980,  0.02075195
 0.00029000,  0.02319336
 0.00029020,  0.02441406
 0.00029040,  0.02410889
 0.00029060,  0.02227783
 0.00029080,  0.01922607
 0.00029100,  0.01495361
 0.00029120,  0.01098633
 0.00029140,  0.00701904
 0.00029160,  0.00396729
 0.00029180,  0.00244141
 0.00029200,  0.00061035
 0.00029220, -0.00061035
 0.00029240, -0.00061035
 0.00029260, -0.00061035
 0.00029280, -0.00061035
 0.00029300, -0.00030518
 0.00029320, -0.00091553
 0.00029340, -0.00122070
 0.00029360, -0.00030518
 0.00029380,  0.00030518
 0.00029400,  0.00244141
 0.00029420,  0.00610352
 0.00029440,  0.01037598
 0.00029460,  0.01403809
 0.00029480,  0.01678467
 0.00029500,  0.01739502
 0.00029520,  0.01708984
 0.00029540,  0.01434326
 0.00029560,  0.01007080
 0.00029580,  0.00610352
 0.00029600,  0.00366211
 0.00029620,  0.00305176
 0.00029640,  0.00366211
 0.00029660,  0.00579834
 0.00029680,  0.00793457
 0.00029700,  0.00915527
 0.00029720,  0.00854492
 0.00029740,  0.00610352
 0.00029760,  0.00183105
 0.00029780, -0.00335693
 0.00029800, -0.00793457
 0.00029820, -0.01098633
 0.00029840, -0.01159668
 0.00029860, -0.01037598
 0.00029880, -0.00732422
 0.00029900, -0.00427246
 0.00029920, -0.00122070
 0.00029940,  0.00000000
 0.00029960, -0.00030518
 0.00029980, -0.00183105
 0.00030000, -0.00488281
 0.00030020, -0.00671387
 0.00030040, -0.00579834
 0.00030060, -0.00366211
 0.00030080,  0.00122070
 0.00030100,  0.00762939
 0.00030120,  0.01403809
 0.00030140,  0.01983643
 0.00030160,  0.02319336
 0.00030180,  0.02410889
 0.00030200,  0.02258301
 0.00030220,  0.02075195
 0.00030240,  0.01861572
 0.00030260,  0.01647949
 0.00030280,  0.01464844
 0.00030300,  0.01464844
 0.00030320,  0.01556396
 0.00030340,  0.01647949
 0.00030360,  0.01739502
 0.00030380,  0.01617432
 0.00030400,  0.01373291
 0.00030420,  0.00976563
 0.00030440,  0.00427246
 0.00030460, -0.00152588
 0.00030480, -0.00762939
 0.00030500, -0.01281738
 0.00030520, -0.01647949
 0.00030540, -0.01708984
 0.00030560, -0.01739502
 0.00030580, -0.01617432
 0.00030600, -0.01556396
 0.00030620, -0.01647949
 0.00030640, -0.01739502
 0.00030660, -0.01983643
 0.00030680, -0.02197266
 0.00030700, -0.02410889
 0.00030720, -0.02532959
 0.00030740, -0.02563477
 0.00030760, -0.02441406
 0.00030780, -0.02166748
 0.00030800, -0.01800537
 0.00030820, -0.01525879
 0.00030840, -0.01129150
 0.00030860, -0.00915527
 0.00030880, -0.00854492
 0.00030900, -0.00946045
 0.00030920, -0.01068115
 0.00030940, -0.01220703
 0.00030960, -0.01312256
 0.00030980, -0.01556396
 0.00031000, -0.01495361
 0.00031020, -0.01678467
 0.00031040, -0.01556396
 0.00031060, -0.01556396
 0.00031080, -0.01586914
 0.00031100, -0.01586914
 0.00031120, -0.01556396
 0.00031140, -0.01556396
 0.00031160, -0.01525879
 0.00031180, -0.01556396
 0.00031200, -0.01678467
 0.00031220, -0.01800537
 0.00031240, -0.01800537
 0.00031260, -0.01861572
 0.00031280, -0.01953125
 0.00031300, -0.02075195
 0.00031320, -0.02136230
 0.00031340, -0.02197266
 0.00031360, -0.02227783
 0.00031380, -0.02258301
 0.00031400, -0.02166748
 0.00031420, -0.02044678
 0.00031440, -0.01892090
 0.00031460, -0.01739502
 0.00031480, -0.01434326
 0.00031500, -0.01281738
 0.00031520, -0.00793457
 0.00031540, -0.00396729
 0.00031560,  0.00030518
 0.00031580,  0.00518799
 0.00031600,  0.00885010
 0.00031620,  0.01190186
 0.00031640,  0.01373291
 0.00031660,  0.01403809
 0.00031680,  0.01281738
 0.00031700,  0.01190186
 0.00031720,  0.01098633
 0.00031740,  0.01037598
 0.00031760,  0.00976563
 0.00031780,  0.01037598
 0.00031800,  0.01068115
 0.00031820,  0.00946045
 0.00031840,  0.00915527
 0.00031860,  0.00701904
 0.00031880,  0.00427246
 0.00031900,  0.00091553
 0.00031920, -0.00213623
 0.00031940, -0.00549316
 0.00031960, -0.00701904
 0.00031980, -0.00762939
 0.00032000, -0.00701904
 0.00032020, -0.00518799
 0.00032040, -0.00366211
 0.00032060, -0.00335693
 0.00032080, -0.00335693
 0.00032100, -0.00488281
 0.00032120, -0.00579834
 0.00032140, -0.00640869
 0.00032160, -0.00457764
 0.00032180, -0.00183105
 0.00032200,  0.00183105
 0.00032220,  0.00671387
 0.00032240,  0.01129150
 0.00032260,  0.01556396
 0.00032280,  0.01831055
 0.00032300,  0.01983643
 0.00032320,  0.02014160
 0.00032340,  0.02105713
 0.00032360,  0.02166748
 0.00032380,  0.02258301
 0.00032400,  0.02532959
 0.00032420,  0.02777100
 0.00032440,  0.03021240
 0.00032460,  0.03295898
 0.00032480,  0.03387451
 0.00032500,  0.03326416
 0.00032520,  0.03112793
 0.00032540,  0.02807617
 0.00032560,  0.02380371
 0.00032580,  0.01922607
 0.00032600,  0.01464844
 0.00032620,  0.01281738
 0.00032640,  0.01220703
 0.00032660,  0.01068115
 0.00032680,  0.00915527
 0.00032700,  0.00793457
 0.00032720,  0.00640869
 0.00032740,  0.00335693
 0.00032760,  0.00061035
 0.00032780, -0.00152588
 0.00032800, -0.00305176
 0.00032820, -0.00427246
 0.00032840, -0.00396729
 0.00032860, -0.00244141
 0.00032880, -0.00030518
 0.00032900,  0.00244141
 0.00032920,  0.00427246
 0.00032940,  0.00610352
 0.00032960,  0.00671387
 0.00032980,  0.00701904
 0.00033000,  0.00671387
 0.00033020,  0.00671387
 0.00033040,  0.00640869
 0.00033060,  0.00549316
 0.00033080,  0.00610352
 0.00033100,  0.00610352
 0.00033120,  0.00671387
 0.00033140,  0.00762939
 0.00033160,  0.00640869
 0.00033180,  0.00488281
 0.00033200,  0.00274658
 0.00033220, -0.00122070
 0.00033240, -0.00549316
 0.00033260, -0.01007080
 0.00033280, -0.01556396
 0.00033300, -0.01770020
 0.00033320, -0.02075195
 0.00033340, -0.02166748
 0.00033360, -0.02258301
 0.00033380, -0.02410889
 0.00033400, -0.02685547
 0.00033420, -0.02960205
 0.00033440, -0.03234863
 0.00033460, -0.03570557
 0.00033480, -0.03723145
 0.00033500, -0.03723145
 0.00033520, -0.03692627
 0.00033540, -0.03479004
 0.00033560, -0.03143311
 0.00033580, -0.02746582
 0.00033600, -0.02410889
 0.00033620, -0.02166748
 0.00033640, -0.01953125
 0.00033660, -0.01892090
 0.00033680, -0.01861572
 0.00033700, -0.01861572
 0.00033720, -0.01647949
 0.00033740, -0.01647949
 0.00033760, -0.01403809
 0.00033780, -0.01098633
 0.00033800, -0.00793457
 0.00033820, -0.00457764
 0.00033840, -0.00122070
 0.00033860,  0.00152588
 0.00033880,  0.00244141
 0.00033900,  0.00366211
 0.00033920,  0.00335693
 0.00033940,  0.00274658
 0.00033960,  0.00091553
 0.00033980, -0.00061035
 0.00034000, -0.00183105
 0.00034020, -0.00305176
 0.00034040, -0.00427246
 0.00034060, -0.00488281
 0.00034080, -0.00610352
 0.00034100, -0.00732422
 0.00034120, -0.00885010
 0.00034140, -0.00823975
 0.00034160, -0.00854492
 0.00034180, -0.00793457
 0.00034200, -0.00640869
 0.00034220, -0.00549316
 0.00034240, -0.00366211
 0.00034260, -0.00213623
 0.00034280,  0.00030518
 0.00034300,  0.00305176
 0.00034320,  0.00457764
 0.00034340,  0.00701904
 0.00034360,  0.00854492
 0.00034380,  0.01007080
 0.00034400,  0.01098633
 0.00034420,  0.01159668
 0.00034440,  0.01190186
 0.00034460,  0.01129150
 0.00034480,  0.01037598
 0.00034500,  0.00976563
 0.00034520,  0.01098633
 0.00034540,  0.01190186
 0.00034560,  0.01220703
 0.00034580,  0.01251221
 0.00034600,  0.01281738
 0.00034620,  0.01312256
 0.00034640,  0.01464844
 0.00034660,  0.01495361
 0.00034680,  0.01434326
 0.00034700,  0.01312256
 0.00034720,  0.01220703
 0.00034740,  0.01098633
 0.00034760,  0.00946045
 0.00034780,  0.00823975
 0.00034800,  0.00762939
 0.00034820,  0.00732422
 0.00034840,  0.00762939
 0.00034860,  0.00915527
 0.00034880,  0.01129150
 0.00034900,  0.01251221
 0.00034920,  0.01434326
 0.00034940,  0.01586914
 0.00034960,  0.01586914
 0.00034980,  0.01495361
 0.00035000,  0.01312256
 0.00035020,  0.01190186
 0.00035040,  0.00946045
 0.00035060,  0.00640869
 0.00035080,  0.00305176
 0.00035100,  0.00030518
 0.00035120, -0.00244141
 0.00035140, -0.00396729
 0.00035160, -0.00488281
 0.00035180, -0.00427246
 0.00035200, -0.00274658
 0.00035220, -0.00152588
 0.00035240, -0.00091553
 0.00035260, -0.00091553
 0.00035280, -0.00244141
 0.00035300, -0.00396729
 0.00035320, -0.00701904
 0.00035340, -0.00885010
 0.00035360, -0.01037598
 0.00035380, -0.01190186
 0.00035400, -0.01281738
 0.00035420, -0.01342773
 0.00035440, -0.01464844
 0.00035460, -0.01312256
 0.00035480, -0.01495361
 0.00035500, -0.01342773
 0.00035520, -0.01342773
 0.00035540, -0.01525879
 0.00035560, -0.01586914
 0.00035580, -0.01586914
 0.00035600, -0.01525879
 0.00035620, -0.01342773
 0.00035640, -0.01098633
 0.00035660, -0.00915527
 0.00035680, -0.00915527
 0.00035700, -0.01007080
 0.00035720, -0.01403809
 0.00035740, -0.01892090
 0.00035760, -0.02563477
 0.00035780, -0.03234863
 0.00035800, -0.03692627
 0.00035820, -0.03784180
 0.00035840, -0.03692627
 0.00035860, -0.03173828
 0.00035880, -0.02441406
 0.00035900, -0.01617432
 0.00035920, -0.01098633
 0.00035940, -0.00701904
 0.00035960, -0.00579834
 0.00035980, -0.00701904
 0.00036000, -0.01068115
 0.00036020, -0.01556396
 0.00036040, -0.01831055
 0.00036060, -0.01953125
 0.00036080, -0.01861572
 0.00036100, -0.01617432
 0.00036120, -0.00976563
 0.00036140, -0.00305176
 0.00036160,  0.00183105
 0.00036180,  0.00457764
 0.00036200,  0.00457764
 0.00036220,  0.00213623
 0.00036240, -0.00122070
 0.00036260, -0.00457764
 0.00036280, -0.00579834
 0.00036300, -0.00518799
 0.00036320, -0.00122070
 0.00036340,  0.00335693
 0.00036360,  0.00823975
 0.00036380,  0.01251221
 0.00036400,  0.01525879
 0.00036420,  0.01708984
 0.00036440,  0.01708984
 0.00036460,  0.01525879
 0.00036480,  0.01434326
 0.00036500,  0.01464844
 0.00036520,  0.01617432
 0.00036540,  0.01983643
 0.00036560,  0.02380371
 0.00036580,  0.02868652
 0.00036600,  0.03265381
 0.00036620,  0.03448486
 0.00036640,  0.03417969
 0.00036660,  0.03234863
 0.00036680,  0.02929688
 0.00036700,  0.02624512
 0.00036720,  0.02410889
 0.00036740,  0.02380371
 0.00036760,  0.02563477
 0.00036780,  0.03021240
 0.00036800,  0.03479004
 0.00036820,  0.03936768
 0.00036840,  0.04180908
 0.00036860,  0.04272461
 0.00036880,  0.04089355
 0.00036900,  0.03814697
 0.00036920,  0.03356934
 0.00036940,  0.03051758
 0.00036960,  0.02929688
 0.00036980,  0.02929688
 0.00037000,  0.02990723
 0.00037020,  0.03173828
 0.00037040,  0.03356934
 0.00037060,  0.03448486
 0.00037080,  0.03387451
 0.00037100,  0.03082275
 0.00037120,  0.02685547
 0.00037140,  0.02349854
 0.00037160,  0.02075195
 0.00037180,  0.01922607
 0.00037200,  0.02044678
 0.00037220,  0.02105713
 0.00037240,  0.02227783
 0.00037260,  0.02319336
 0.00037280,  0.02166748
 0.00037300,  0.01800537
 0.00037320,  0.01342773
 0.00037340,  0.00854492
 0.00037360,  0.00396729
 0.00037380,  0.00091553
 0.00037400, -0.00030518
 0.00037420, -0.00030518
 0.00037440,  0.00152588
 0.00037460,  0.00244141
 0.00037480,  0.00213623
 0.00037500,  0.00030518
 0.00037520, -0.00366211
 0.00037540, -0.00854492
 0.00037560, -0.01403809
 0.00037580, -0.01770020
 0.00037600, -0.01983643
 0.00037620, -0.01953125
 0.00037640, -0.01770020
 0.00037660, -0.01342773
 0.00037680, -0.00854492
 0.00037700, -0.00610352
 0.00037720, -0.00518799
 0.00037740, -0.00793457
 0.00037760, -0.01159668
 0.00037780, -0.01800537
 0.00037800, -0.02197266
 0.00037820, -0.02624512
 0.00037840, -0.02716064
 0.00037860, -0.02716064
 0.00037880, -0.02471924
 0.00037900, -0.02288818
 0.00037920, -0.02105713
 0.00037940, -0.02136230
 0.00037960, -0.02410889
 0.00037980, -0.02624512
 0.00038000, -0.02899170
 0.00038020, -0.03173828
 0.00038040, -0.03356934
 0.00038060, -0.03417969
 0.00038080, -0.03417969
 0.00038100, -0.03417969
 0.00038120, -0.03356934
 0.00038140, -0.03326416
 0.00038160, -0.03295898
 0.00038180, -0.03356934
 0.00038200, -0.03295898
 0.00038220, -0.03295898
 0.00038240, -0.03143311
 0.00038260, -0.03051758
 0.00038280, -0.02868652
 0.00038300, -0.02777100
 0.00038320, -0.02807617
 0.00038340, -0.02838135
 0.00038360, -0.02929688
 0.00038380, -0.03051758
 0.00038400, -0.03021240
 0.00038420, -0.03021240
 0.00038440, -0.02868652
 0.00038460, -0.02624512
 0.00038480, -0.02410889
 0.00038500, -0.02258301
 0.00038520, -0.02105713
 0.00038540, -0.02136230
 0.00038560, -0.02197266
 0.00038580, -0.02258301
 0.00038600, -0.02380371
 0.00038620, -0.02502441
 0.00038640, -0.02563477
 0.00038660, -0.02441406
 0.00038680, -0.02319336
 0.00038700, -0.02197266
 0.00038720, -0.02136230
 0.00038740, -0.02075195
 0.00038760, -0.02044678
 0.00038780, -0.01953125
 0.00038800, -0.01892090
 0.00038820, -0.01678467
 0.00038840, -0.01678467
 0.00038860, -0.01678467
 0.00038880, -0.01739502
 0.00038900, -0.01800537
 0.00038920, -0.01831055
 0.00038940, -0.01739502
 0.00038960, -0.01617432
 0.00038980, -0.01159668
 0.00039000, -0.00915527
 0.00039020, -0.00518799
 0.00039040, -0.00152588
 0.00039060,  0.00061035
 0.00039080,  0.00183105
 0.00039100,  0.00183105
 0.00039120,  0.00244141
 0.00039140,  0.00335693
 0.00039160,  0.00457764
 0.00039180,  0.00610352
 0.00039200,  0.00885010
 0.00039220,  0.01251221
 0.00039240,  0.01525879
 0.00039260,  0.01831055
 0.00039280,  0.02044678
 0.00039300,  0.02075195
 0.00039320,  0.02044678
 0.00039340,  0.02044678
 0.00039360,  0.02136230
 0.00039380,  0.02319336
 0.00039400,  0.02685547
 0.00039420,  0.03112793
 0.00039440,  0.03631592
 0.00039460,  0.03997803
 0.00039480,  0.04302979
 0.00039500,  0.04516602
 0.00039520,  0.04394531
 0.00039540,  0.04089355
 0.00039560,  0.03814697
 0.00039580,  0.03540039
 0.00039600,  0.03387451
 0.00039620,  0.03326416
 0.00039640,  0.03417969
 0.00039660,  0.03540039
 0.00039680,  0.03631592
 0.00039700,  0.03814697
 0.00039720,  0.03906250
 0.00039740,  0.03784180
 0.00039760,  0.03601074
 0.00039780,  0.03265381
 0.00039800,  0.02868652
 0.00039820,  0.02655029
 0.00039840,  0.02685547
 0.00039860,  0.02746582
 0.00039880,  0.02929688
 0.00039900,  0.03173828
 0.00039920,  0.03326416
 0.00039940,  0.03417969
 0.00039960,  0.03234863
 0.00039980,  0.02868652
 0.00040000,  0.02471924
 0.00040020,  0.02014160
 0.00040040,  0.01708984
 0.00040060,  0.01495361
 0.00040080,  0.01495361
 0.00040100,  0.01647949
 0.00040120,  0.01831055
 0.00040140,  0.02014160
 0.00040160,  0.01892090
 0.00040180,  0.01556396
 0.00040200,  0.01159668
 0.00040220,  0.00640869
 0.00040240,  0.00183105
 0.00040260, -0.00183105
 0.00040280, -0.00335693
 0.00040300, -0.00335693
 0.00040320, -0.00213623
 0.00040340, -0.00030518
 0.00040360,  0.00030518
 0.00040380,  0.00061035
 0.00040400, -0.00122070
 0.00040420, -0.00549316
 0.00040440, -0.00946045
 0.00040460, -0.01434326
 0.00040480, -0.01831055
 0.00040500, -0.02014160
 0.00040520, -0.01861572
 0.00040540, -0.01556396
 0.00040560, -0.01342773
 0.00040580, -0.00976563
 0.00040600, -0.00610352
 0.00040620, -0.00610352
 0.00040640, -0.00762939
 0.00040660, -0.01159668
 0.00040680, -0.01525879
 0.00040700, -0.01861572
 0.00040720, -0.02105713
 0.00040740, -0.02136230
 0.00040760, -0.02014160
 0.00040780, -0.01770020
 0.00040800, -0.01586914
 0.00040820, -0.01617432
 0.00040840, -0.01525879
 0.00040860, -0.01739502
 0.00040880, -0.02014160
 0.00040900, -0.02319336
 0.00040920, -0.02563477
 0.00040940, -0.02563477
 0.00040960, -0.02471924
 0.00040980, -0.02227783
 0.00041000, -0.01953125
 0.00041020, -0.01770020
 0.00041040, -0.01739502
 0.00041060, -0.01953125
 0.00041080, -0.02258301
 0.00041100, -0.02532959
 0.00041120, -0.02777100
 0.00041140, -0.02838135
 0.00041160, -0.02746582
 0.00041180, -0.02532959
 0.00041200, -0.02105713
 0.00041220, -0.01770020
 0.00041240, -0.01678467
 0.00041260, -0.01708984
 0.00041280, -0.01953125
 0.00041300, -0.02349854
 0.00041320, -0.02838135
 0.00041340, -0.03356934
 0.00041360, -0.03601074
 0.00041380, -0.03570557
 0.00041400, -0.03295898
 0.00041420, -0.02838135
 0.00041440, -0.02319336
 0.00041460, -0.01800537
 0.00041480, -0.01464844
 0.00041500, -0.01220703
 0.00041520, -0.01220703
 0.00041540, -0.01434326
 0.00041560, -0.01556396
 0.00041580, -0.01586914
 0.00041600, -0.01556396
 0.00041620, -0.01159668
 0.00041640, -0.00854492
 0.00041660, -0.00366211
 0.00041680, -0.00030518
 0.00041700,  0.00183105
 0.00041720,  0.00244141
 0.00041740,  0.00030518
 0.00041760, -0.00244141
 0.00041780, -0.00549316
 0.00041800, -0.00885010
 0.00041820, -0.01007080
 0.00041840, -0.00946045
 0.00041860, -0.00671387
 0.00041880, -0.00335693
 0.00041900,  0.00000000
 0.00041920,  0.00183105
 0.00041940,  0.00244141
 0.00041960,  0.00030518
 0.00041980, -0.00305176
 0.00042000, -0.00579834
 0.00042020, -0.00701904
 0.00042040, -0.00701904
 0.00042060, -0.00610352
 0.00042080, -0.00244141
 0.00042100,  0.00091553
 0.00042120,  0.00488281
 0.00042140,  0.00671387
 0.00042160,  0.00793457
 0.00042180,  0.00854492
 0.00042200,  0.00732422
 0.00042220,  0.00793457
 0.00042240,  0.00854492
 0.00042260,  0.01098633
 0.00042280,  0.01434326
 0.00042300,  0.01800537
 0.00042320,  0.02227783
 0.00042340,  0.02593994
 0.00042360,  0.02746582
 0.00042380,  0.02777100
 0.00042400,  0.02563477
 0.00042420,  0.02197266
 0.00042440,  0.01831055
 0.00042460,  0.01312256
 0.00042480,  0.00946045
 0.00042500,  0.00915527
 0.00042520,  0.00946045
 0.00042540,  0.01007080
 0.00042560,  0.01098633
 0.00042580,  0.01190186
 0.00042600,  0.01007080
 0.00042620,  0.00732422
 0.00042640,  0.00305176
 0.00042660, -0.00183105
 0.00042680, -0.00579834
 0.00042700, -0.00854492
 0.00042720, -0.00854492
 0.00042740, -0.00701904
 0.00042760, -0.00518799
 0.00042780, -0.00274658
 0.00042800,  0.00091553
 0.00042820,  0.00396729
 0.00042840,  0.00549316
 0.00042860,  0.00610352
 0.00042880,  0.00549316
 0.00042900,  0.00549316
 0.00042920,  0.00640869
 0.00042940,  0.00823975
 0.00042960,  0.01068115
 0.00042980,  0.01312256
 0.00043000,  0.01556396
 0.00043020,  0.01678467
 0.00043040,  0.01831055
 0.00043060,  0.01831055
 0.00043080,  0.01708984
 0.00043100,  0.01525879
 0.00043120,  0.01129150
 0.00043140,  0.00671387
 0.00043160,  0.00213623
 0.00043180, -0.00152588
 0.00043200, -0.00457764
 0.00043220, -0.00610352
 0.00043240, -0.00732422
 0.00043260, -0.00762939
 0.00043280, -0.00732422
 0.00043300, -0.00671387
 0.00043320, -0.00671387
 0.00043340, -0.00732422
 0.00043360, -0.00885010
 0.00043380, -0.01098633
 0.00043400, -0.01251221
 0.00043420, -0.01495361
 0.00043440, -0.01525879
 0.00043460, -0.01342773
 0.00043480, -0.01159668
 0.00043500, -0.00915527
 0.00043520, -0.00640869
 0.00043540, -0.00427246
 0.00043560, -0.00305176
 0.00043580, -0.00122070
 0.00043600,  0.00061035
 0.00043620,  0.00335693
 0.00043640,  0.00610352
 0.00043660,  0.00885010
 0.00043680,  0.01159668
 0.00043700,  0.01525879
 0.00043720,  0.01708984
 0.00043740,  0.01770020
 0.00043760,  0.01831055
 0.00043780,  0.01800537
 0.00043800,  0.01708984
 0.00043820,  0.01617432
 0.00043840,  0.01617432
 0.00043860,  0.01434326
 0.00043880,  0.01373291
 0.00043900,  0.01281738
 0.00043920,  0.01159668
 0.00043940,  0.01037598
 0.00043960,  0.00762939
 0.00043980,  0.00427246
 0.00044000,  0.00030518
 0.00044020, -0.00396729
 0.00044040, -0.00762939
 0.00044060, -0.01007080
 0.00044080, -0.01220703
 0.00044100, -0.01190186
 0.00044120, -0.01068115
 0.00044140, -0.00854492
 0.00044160, -0.00671387
 0.00044180, -0.00305176
 0.00044200, -0.00030518
 0.00044220,  0.00213623
 0.00044240,  0.00396729
 0.00044260,  0.00579834
 0.00044280,  0.00762939
 0.00044300,  0.01007080
 0.00044320,  0.01220703
 0.00044340,  0.01373291
 0.00044360,  0.01617432
 0.00044380,  0.01708984
 0.00044400,  0.01770020
 0.00044420,  0.01831055
 0.00044440,  0.01922607
 0.00044460,  0.01861572
 0.00044480,  0.01770020
 0.00044500,  0.01586914
 0.00044520,  0.01403809
 0.00044540,  0.01251221
 0.00044560,  0.01098633
 0.00044580,  0.00793457
 0.00044600,  0.00549316
 0.00044620,  0.00152588
 0.00044640, -0.00274658
 0.00044660, -0.00701904
 0.00044680, -0.01007080
 0.00044700, -0.01373291
 0.00044720, -0.01525879
 0.00044740, -0.01800537
 0.00044760, -0.01983643
 0.00044780, -0.02044678
 0.00044800, -0.02075195
 0.00044820, -0.01922607
 0.00044840, -0.01800537
 0.00044860, -0.01647949
 0.00044880, -0.01495361
 0.00044900, -0.01495361
 0.00044920, -0.01281738
 0.00044940, -0.01281738
 0.00044960, -0.01098633
 0.00044980, -0.01129150
 0.00045000, -0.00915527
 0.00045020, -0.00762939
 0.00045040, -0.00488281
 0.00045060, -0.00213623
 0.00045080,  0.00091553
 0.00045100,  0.00427246
 0.00045120,  0.00579834
 0.00045140,  0.00579834
 0.00045160,  0.00549316
 0.00045180,  0.00518799
 0.00045200,  0.00366211
 0.00045220,  0.00213623
 0.00045240,  0.00061035
 0.00045260, -0.00030518
 0.00045280, -0.00030518
 0.00045300, -0.00030518
 0.00045320, -0.00122070
 0.00045340, -0.00213623
 0.00045360, -0.00457764
 0.00045380, -0.00732422
 0.00045400, -0.01098633
 0.00045420, -0.01403809
 0.00045440, -0.01708984
 0.00045460, -0.01953125
 0.00045480, -0.02014160
 0.00045500, -0.01953125
 0.00045520, -0.01831055
 0.00045540, -0.01678467
 0.00045560, -0.01525879
 0.00045580, -0.01556396
 0.00045600, -0.01525879
 0.00045620, -0.01525879
 0.00045640, -0.01342773
 0.00045660, -0.01281738
 0.00045680, -0.01251221
 0.00045700, -0.01129150
 0.00045720, -0.01068115
 0.00045740, -0.00976563
 0.00045760, -0.00915527
 0.00045780, -0.00823975
 0.00045800, -0.00732422
 0.00045820, -0.00610352
 0.00045840, -0.00457764
 0.00045860, -0.00274658
 0.00045880, -0.00091553
 0.00045900, -0.00030518
 0.00045920, -0.00030518
 0.00045940, -0.00152588
 0.00045960, -0.00274658
 0.00045980, -0.00305176
 0.00046000, -0.00335693
 0.00046020, -0.00244141
 0.00046040, -0.00091553
 0.00046060, -0.00091553
 0.00046080, -0.00030518
 0.00046100,  0.00000000
 0.00046120,  0.00000000
 0.00046140, -0.00183105
 0.00046160, -0.00427246
 0.00046180, -0.00610352
 0.00046200, -0.00762939
 0.00046220, -0.00762939
 0.00046240, -0.00640869
 0.00046260, -0.00366211
 0.00046280,  0.00030518
 0.00046300,  0.00366211
 0.00046320,  0.00518799
 0.00046340,  0.00640869
 0.00046360,  0.00732422
 0.00046380,  0.00793457
 0.00046400,  0.00885010
 0.00046420,  0.00946045
 0.00046440,  0.01251221
 0.00046460,  0.01556396
 0.00046480,  0.01953125
 0.00046500,  0.02319336
 0.00046520,  0.02655029
 0.00046540,  0.02929688
 0.00046560,  0.03112793
 0.00046580,  0.03204346
 0.00046600,  0.03204346
 0.00046620,  0.03173828
 0.00046640,  0.03265381
 0.00046660,  0.03204346
 0.00046680,  0.03051758
 0.00046700,  0.02807617
 0.00046720,  0.02624512
 0.00046740,  0.02441406
 0.00046760,  0.02227783
 0.00046780,  0.02014160
 0.00046800,  0.01892090
 0.00046820,  0.01678467
 0.00046840,  0.01525879
 0.00046860,  0.01342773
 0.00046880,  0.01129150
 0.00046900,  0.00762939
 0.00046920,  0.00366211
 0.00046940, -0.00030518
 0.00046960, -0.00366211
 0.00046980, -0.00610352
 0.00047000, -0.00701904
 0.00047020, -0.00762939
 0.00047040, -0.00701904
 0.00047060, -0.00671387
 0.00047080, -0.00579834
 0.00047100, -0.00488281
 0.00047120, -0.00396729
 0.00047140, -0.00518799
 0.00047160, -0.00579834
 0.00047180, -0.00701904
 0.00047200, -0.00640869
 0.00047220, -0.00518799
 0.00047240, -0.00335693
 0.00047260, -0.00152588
 0.00047280,  0.00122070
 0.00047300,  0.00274658
 0.00047320,  0.00396729
 0.00047340,  0.00366211
 0.00047360,  0.00244141
 0.00047380,  0.00000000
 0.00047400, -0.00274658
 0.00047420, -0.00457764
 0.00047440, -0.00549316
 0.00047460, -0.00427246
 0.00047480, -0.00335693
 0.00047500, -0.00305176
 0.00047520, -0.00396729
 0.00047540, -0.00610352
 0.00047560, -0.00854492
 0.00047580, -0.01190186
 0.00047600, -0.01464844
 0.00047620, -0.01647949
 0.00047640, -0.01739502
 0.00047660, -0.01678467
 0.00047680, -0.01495361
 0.00047700, -0.01342773
 0.00047720, -0.01098633
 0.00047740, -0.01007080
 0.00047760, -0.01098633
 0.00047780, -0.01251221
 0.00047800, -0.01403809
 0.00047820, -0.01495361
 0.00047840, -0.01525879
 0.00047860, -0.01464844
 0.00047880, -0.01220703
 0.00047900, -0.00946045
 0.00047920, -0.00579834
 0.00047940, -0.00274658
 0.00047960, -0.00030518
 0.00047980,  0.00030518
 0.00048000, -0.00061035
 0.00048020, -0.00244141
 0.00048040, -0.00518799
 0.00048060, -0.00610352
 0.00048080, -0.00701904
 0.00048100, -0.00701904
 0.00048120, -0.00671387
 0.00048140, -0.00488281
 0.00048160, -0.00213623
 0.00048180, -0.00061035
 0.00048200, -0.00091553
 0.00048220, -0.00335693
 0.00048240, -0.00640869
 0.00048260, -0.00976563
 0.00048280, -0.01312256
 0.00048300, -0.01678467
 0.00048320, -0.01892090
 0.00048340, -0.02014160
 0.00048360, -0.02166748
 0.00048380, -0.02227783
 0.00048400, -0.02258301
 0.00048420, -0.02380371
 0.00048440, -0.02319336
 0.00048460, -0.02288818
 0.00048480, -0.02288818
 0.00048500, -0.02319336
 0.00048520, -0.02319336
 0.00048540, -0.02319336
 0.00048560, -0.02319336
 0.00048580, -0.02349854
 0.00048600, -0.02380371
 0.00048620, -0.02471924
 0.00048640, -0.02532959
 0.00048660, -0.02441406
 0.00048680, -0.02227783
 0.00048700, -0.01861572
 0.00048720, -0.01403809
 0.00048740, -0.01037598
 0.00048760, -0.00671387
 0.00048780, -0.00427246
 0.00048800, -0.00213623
 0.00048820, -0.00305176
 0.00048840, -0.00488281
 0.00048860, -0.00701904
 0.00048880, -0.00793457
 0.00048900, -0.00762939
 0.00048920, -0.00762939
 0.00048940, -0.00701904
 0.00048960, -0.00549316
 0.00048980, -0.00488281
 0.00049000, -0.00396729
 0.00049020, -0.00396729
 0.00049040, -0.00457764
 0.00049060, -0.00671387
 0.00049080, -0.00885010
 0.00049100, -0.01068115
 0.00049120, -0.01251221
 0.00049140, -0.01312256
 0.00049160, -0.01281738
 0.00049180, -0.01037598
 0.00049200, -0.00762939
 0.00049220, -0.00549316
 0.00049240, -0.00244141
 0.00049260,  0.00000000
 0.00049280,  0.00244141
 0.00049300,  0.00396729
 0.00049320,  0.00488281
 0.00049340,  0.00610352
 0.00049360,  0.00701904
 0.00049380,  0.01037598
 0.00049400,  0.01281738
 0.00049420,  0.01525879
 0.00049440,  0.01770020
 0.00049460,  0.01983643
 0.00049480,  0.02136230
 0.00049500,  0.02197266
 0.00049520,  0.02258301
 0.00049540,  0.02227783
 0.00049560,  0.02227783
 0.00049580,  0.02197266
 0.00049600,  0.02075195
 0.00049620,  0.02014160
 0.00049640,  0.01770020
 0.00049660,  0.01617432
 0.00049680,  0.01495361
 0.00049700,  0.01403809
 0.00049720,  0.01342773
 0.00049740,  0.01281738
 0.00049760,  0.01251221
 0.00049780,  0.01129150
 0.00049800,  0.01068115
 0.00049820,  0.00823975
 0.00049840,  0.00671387
 0.00049860,  0.00488281
 0.00049880,  0.00274658
 0.00049900,  0.00122070
 0.00049920,  0.00152588
 0.00049940,  0.00183105
 0.00049960,  0.00305176
 0.00049980,  0.00305176
 0.00050000,  0.00274658
 0.00050020,  0.00244141
 0.00050040,  0.00183105
 0.00050060,  0.00030518
 0.00050080,  0.00061035
 0.00050100,  0.00152588
 0.00050120,  0.00244141
 0.00050140,  0.00366211
 0.00050160,  0.00610352
 0.00050180,  0.00885010
 0.00050200,  0.01098633
 0.00050220,  0.01312256
 0.00050240,  0.01342773
 0.00050260,  0.01373291
 0.00050280,  0.01312256
 0.00050300,  0.01251221
 0.00050320,  0.01220703
 0.00050340,  0.01220703
 0.00050360,  0.01190186
 0.00050380,  0.01159668
 0.00050400,  0.01129150
 0.00050420,  0.00976563
 0.00050440,  0.00793457
 0.00050460,  0.00488281
 0.00050480,  0.00152588
 0.00050500, -0.00091553
 0.00050520, -0.00366211
 0.00050540, -0.00457764
 0.00050560, -0.00488281
 0.00050580, -0.00488281
 0.00050600, -0.00396729
 0.00050620, -0.00427246
 0.00050640, -0.00518799
 0.00050660, -0.00640869
 0.00050680, -0.00732422
 0.00050700, -0.00701904
 0.00050720, -0.00823975
 0.00050740, -0.00732422
 0.00050760, -0.00518799
 0.00050780, -0.00152588
 0.00050800,  0.00213623
 0.00050820,  0.00549316
 0.00050840,  0.00854492
 0.00050860,  0.01159668
 0.00050880,  0.01373291
 0.00050900,  0.01556396
 0.00050920,  0.01647949
 0.00050940,  0.01770020
 0.00050960,  0.01739502
 0.00050980,  0.01739502
 0.00051000,  0.01800537
 0.00051020,  0.01831055
 0.00051040,  0.01892090
 0.00051060,  0.01861572
 0.00051080,  0.01800537
 0.00051100,  0.01678467
 0.00051120,  0.01586914
 0.00051140,  0.01556396
 0.00051160,  0.01556396
 0.00051180,  0.01525879
 0.00051200,  0.01586914
 0.00051220,  0.01647949
 0.00051240,  0.01678467
 0.00051260,  0.01647949
 0.00051280,  0.01464844
 0.00051300,  0.01251221
 0.00051320,  0.00885010
 0.00051340,  0.00518799
 0.00051360,  0.00274658
 0.00051380,  0.00091553
 0.00051400, -0.00061035
 0.00051420,  0.00000000
 0.00051440,  0.00152588
 0.00051460,  0.00305176
 0.00051480,  0.00488281
 0.00051500,  0.00610352
 0.00051520,  0.00579834
 0.00051540,  0.00518799
 0.00051560,  0.00274658
 0.00051580,  0.00244141
 0.00051600,  0.00244141
 0.00051620,  0.00244141
 0.00051640,  0.00427246
 0.00051660,  0.00732422
 0.00051680,  0.01007080
 0.00051700,  0.01251221
 0.00051720,  0.01434326
 0.00051740,  0.01434326
 0.00051760,  0.01312256
 0.00051780,  0.01129150
 0.00051800,  0.00793457
 0.00051820,  0.00549316
 0.00051840,  0.00396729
 0.00051860,  0.00244141
 0.00051880,  0.00274658
 0.00051900,  0.00335693
 0.00051920,  0.00427246
 0.00051940,  0.00366211
 0.00051960,  0.00274658
 0.00051980,  0.00091553
 0.00052000, -0.00305176
 0.00052020, -0.00671387
 0.00052040, -0.00915527
 0.00052060, -0.01037598
 0.00052080, -0.00885010
 0.00052100, -0.00793457
 0.00052120, -0.00640869
 0.00052140, -0.00518799
 0.00052160, -0.00610352
 0.00052180, -0.00885010
 0.00052200, -0.01342773
 0.00052220, -0.01586914
 0.00052240, -0.01861572
 0.00052260, -0.01922607
 0.00052280, -0.01556396
 0.00052300, -0.01190186
 0.00052320, -0.00671387
 0.00052340, -0.00213623
 0.00052360,  0.00000000
 0.00052380, -0.00091553
 0.00052400, -0.00366211
 0.00052420, -0.00823975
 0.00052440, -0.01159668
 0.00052460, -0.01434326
 0.00052480, -0.01434326
 0.00052500, -0.01434326
 0.00052520, -0.01098633
 0.00052540, -0.00854492
 0.00052560, -0.00671387
 0.00052580, -0.00518799
 0.00052600, -0.00610352
 0.00052620, -0.00854492
 0.00052640, -0.01159668
 0.00052660, -0.01464844
 0.00052680, -0.01586914
 0.00052700, -0.01953125
 0.00052720, -0.01922607
 0.00052740, -0.01983643
 0.00052760, -0.01953125
 0.00052780, -0.01953125
 0.00052800, -0.01983643
 0.00052820, -0.02014160
 0.00052840, -0.02044678
 0.00052860, -0.02075195
 0.00052880, -0.02075195
 0.00052900, -0.02044678
 0.00052920, -0.01953125
 0.00052940, -0.01892090
 0.00052960, -0.01953125
 0.00052980, -0.01922607
 0.00053000, -0.01922607
 0.00053020, -0.01953125
 0.00053040, -0.01708984
 0.00053060, -0.01525879
 0.00053080, -0.01342773
 0.00053100, -0.00946045
 0.00053120, -0.00579834
 0.00053140, -0.00244141
 0.00053160,  0.00030518
 0.00053180,  0.00091553
 0.00053200,  0.00000000
 0.00053220, -0.00152588
 0.00053240, -0.00274658
 0.00053260, -0.00427246
 0.00053280, -0.00549316
 0.00053300, -0.00549316
 0.00053320, -0.00427246
 0.00053340, -0.00305176
 0.00053360, -0.00213623
 0.00053380, -0.00061035
 0.00053400, -0.00152588
 0.00053420, -0.00335693
 0.00053440, -0.00579834
 0.00053460, -0.00885010
 0.00053480, -0.01098633
 0.00053500, -0.01373291
 0.00053520, -0.01617432
 0.00053540, -0.01678467
 0.00053560, -0.01861572
 0.00053580, -0.01647949
 0.00053600, -0.01617432
 0.00053620, -0.01586914
 0.00053640, -0.01495361
 0.00053660, -0.01617432
 0.00053680, -0.01495361
 0.00053700, -0.01464844
 0.00053720, -0.01373291
 0.00053740, -0.01403809
 0.00053760, -0.01251221
 0.00053780, -0.01129150
 0.00053800, -0.00854492
 0.00053820, -0.00579834
 0.00053840, -0.00488281
 0.00053860, -0.00366211
 0.00053880, -0.00335693
 0.00053900, -0.00244141
 0.00053920, -0.00152588
 0.00053940, -0.00091553
 0.00053960,  0.00091553
 0.00053980,  0.00305176
 0.00054000,  0.00640869
 0.00054020,  0.00885010
 0.00054040,  0.01037598
 0.00054060,  0.00946045
 0.00054080,  0.00762939
 0.00054100,  0.00518799
 0.00054120,  0.00000000
 0.00054140, -0.00305176
 0.00054160, -0.00579834
 0.00054180, -0.00671387
 0.00054200, -0.00549316
 0.00054220, -0.00213623
 0.00054240,  0.00091553
 0.00054260,  0.00183105
 0.00054280,  0.00152588
 0.00054300, -0.00030518
 0.00054320, -0.00366211
 0.00054340, -0.00823975
 0.00054360, -0.01159668
 0.00054380, -0.01403809
 0.00054400, -0.01342773
 0.00054420, -0.01068115
 0.00054440, -0.00640869
 0.00054460, -0.00030518
 0.00054480,  0.00396729
 0.00054500,  0.00579834
 0.00054520,  0.00610352
 0.00054540,  0.00457764
 0.00054560,  0.00122070
 0.00054580, -0.00183105
 0.00054600, -0.00488281
 0.00054620, -0.00488281
 0.00054640, -0.00366211
 0.00054660,  0.00030518
 0.00054680,  0.00366211
 0.00054700,  0.00762939
 0.00054720,  0.01007080
 0.00054740,  0.01037598
 0.00054760,  0.00946045
 0.00054780,  0.00640869
 0.00054800,  0.00305176
 0.00054820,  0.00122070
 0.00054840,  0.00030518
 0.00054860,  0.00000000
 0.00054880,  0.00091553
 0.00054900,  0.00244141
 0.00054920,  0.00396729
 0.00054940,  0.00396729
 0.00054960,  0.00244141
 0.00054980, -0.00030518
 0.00055000, -0.00366211
 0.00055020, -0.00671387
 0.00055040, -0.00823975
 0.00055060, -0.00946045
 0.00055080, -0.00976563
 0.00055100, -0.01007080
 0.00055120, -0.00915527
 0.00055140, -0.00885010
 0.00055160, -0.00854492
 0.00055180, -0.00885010
 0.00055200, -0.01007080
 0.00055220, -0.01220703
 0.00055240, -0.01373291
 0.00055260, -0.01312256
 0.00055280, -0.01434326
 0.00055300, -0.01312256
 0.00055320, -0.01220703
 0.00055340, -0.01098633
 0.00055360, -0.00976563
 0.00055380, -0.00823975
 0.00055400, -0.00640869
 0.00055420, -0.00457764
 0.00055440, -0.00488281
 0.00055460, -0.00610352
 0.00055480, -0.00610352
 0.00055500, -0.00610352
 0.00055520, -0.00610352
 0.00055540, -0.00579834
 0.00055560, -0.00579834
 0.00055580, -0.00671387
 0.00055600, -0.00671387
 0.00055620, -0.00671387
 0.00055640, -0.00762939
 0.00055660, -0.00793457
 0.00055680, -0.00915527
 0.00055700, -0.01068115
 0.00055720, -0.01190186
 0.00055740, -0.01342773
 0.00055760, -0.01403809
 0.00055780, -0.01403809
 0.00055800, -0.01464844
 0.00055820, -0.01434326
 0.00055840, -0.01403809
 0.00055860, -0.01281738
 0.00055880, -0.01068115
 0.00055900, -0.00885010
 0.00055920, -0.00732422
 0.00055940, -0.00671387
 0.00055960, -0.00427246
 0.00055980, -0.00183105
 0.00056000,  0.00000000
 0.00056020,  0.00244141
 0.00056040,  0.00579834
 0.00056060,  0.00915527
 0.00056080,  0.01190186
 0.00056100,  0.01464844
 0.00056120,  0.01678467
 0.00056140,  0.01739502
 0.00056160,  0.01708984
 0.00056180,  0.01556396
 0.00056200,  0.01495361
 0.00056220,  0.01495361
 0.00056240,  0.01525879
 0.00056260,  0.01800537
 0.00056280,  0.02044678
 0.00056300,  0.02258301
 0.00056320,  0.02410889
 0.00056340,  0.02441406
 0.00056360,  0.02410889
 0.00056380,  0.02105713
 0.00056400,  0.01678467
 0.00056420,  0.01342773
 0.00056440,  0.00854492
 0.00056460,  0.00549316
 0.00056480,  0.00427246
 0.00056500,  0.00518799
 0.00056520,  0.00701904
 0.00056540,  0.00915527
 0.00056560,  0.01159668
 0.00056580,  0.01281738
 0.00056600,  0.01281738
 0.00056620,  0.01220703
 0.00056640,  0.01007080
 0.00056660,  0.00762939
 0.00056680,  0.00610352
 0.00056700,  0.00518799
 0.00056720,  0.00640869
 0.00056740,  0.00823975
 0.00056760,  0.01098633
 0.00056780,  0.01312256
 0.00056800,  0.01403809
 0.00056820,  0.01556396
 0.00056840,  0.01708984
 0.00056860,  0.01678467
 0.00056880,  0.01770020
 0.00056900,  0.01831055
 0.00056920,  0.01953125
 0.00056940,  0.02136230
 0.00056960,  0.02197266
 0.00056980,  0.02258301
 0.00057000,  0.02227783
 0.00057020,  0.02075195
 0.00057040,  0.01861572
 0.00057060,  0.01617432
 0.00057080,  0.01403809
 0.00057100,  0.01281738
 0.00057120,  0.01220703
 0.00057140,  0.01220703
 0.00057160,  0.01342773
 0.00057180,  0.01403809
 0.00057200,  0.01342773
 0.00057220,  0.01220703
 0.00057240,  0.00976563
 0.00057260,  0.00640869
 0.00057280,  0.00457764
 0.00057300,  0.00274658
 0.00057320,  0.00183105
 0.00057340,  0.00244141
 0.00057360,  0.00396729
 0.00057380,  0.00701904
 0.00057400,  0.01159668
 0.00057420,  0.01647949
 0.00057440,  0.01861572
 0.00057460,  0.02044678
 0.00057480,  0.02014160
 0.00057500,  0.01983643
 0.00057520,  0.01739502
 0.00057540,  0.01556396
 0.00057560,  0.01464844
 0.00057580,  0.01373291
 0.00057600,  0.01373291
 0.00057620,  0.01434326
 0.00057640,  0.01525879
 0.00057660,  0.01678467
 0.00057680,  0.01861572
 0.00057700,  0.02105713
 0.00057720,  0.02197266
 0.00057740,  0.02197266
 0.00057760,  0.02014160
 0.00057780,  0.01678467
 0.00057800,  0.01281738
 0.00057820,  0.00885010
 0.00057840,  0.00518799
 0.00057860,  0.00274658
 0.00057880,  0.00152588
 0.00057900,  0.00061035
 0.00057920,  0.00091553
 0.00057940,  0.00061035
 0.00057960,  0.00061035
 0.00057980,  0.00000000
 0.00058000, -0.00091553
 0.00058020, -0.00183105
 0.00058040, -0.00122070
 0.00058060, -0.00122070
 0.00058080,  0.00000000
 0.00058100,  0.00122070
 0.00058120,  0.00305176
 0.00058140,  0.00305176
 0.00058160,  0.00335693
 0.00058180,  0.00244141
 0.00058200,  0.00152588
 0.00058220, -0.00030518
 0.00058240, -0.00213623
 0.00058260, -0.00396729
 0.00058280, -0.00518799
 0.00058300, -0.00427246
 0.00058320, -0.00549316
 0.00058340, -0.00610352
 0.00058360, -0.00610352
 0.00058380, -0.00579834
 0.00058400, -0.00579834
 0.00058420, -0.00640869
 0.00058440, -0.00671387
 0.00058460, -0.00610352
 0.00058480, -0.00549316
 0.00058500, -0.00457764
 0.00058520, -0.00396729
 0.00058540, -0.00457764
 0.00058560, -0.00610352
 0.00058580, -0.00823975
 0.00058600, -0.00946045
 0.00058620, -0.01068115
 0.00058640, -0.01068115
 0.00058660, -0.00915527
 0.00058680, -0.00793457
 0.00058700, -0.00671387
 0.00058720, -0.00671387
 0.00058740, -0.00793457
 0.00058760, -0.00885010
 0.00058780, -0.01129150
 0.00058800, -0.01556396
 0.00058820, -0.01770020
 0.00058840, -0.02014160
 0.00058860, -0.02105713
 0.00058880, -0.02105713
 0.00058900, -0.02014160
 0.00058920, -0.01770020
 0.00058940, -0.01678467
 0.00058960, -0.01495361
 0.00058980, -0.01525879
 0.00059000, -0.01251221
 0.00059020, -0.01159668
 0.00059040, -0.01007080
 0.00059060, -0.00915527
 0.00059080, -0.00793457
 0.00059100, -0.00732422
 0.00059120, -0.00701904
 0.00059140, -0.00732422
 0.00059160, -0.00762939
 0.00059180, -0.00885010
 0.00059200, -0.00885010
 0.00059220, -0.00976563
 0.00059240, -0.00946045
 0.00059260, -0.00915527
 0.00059280, -0.00976563
 0.00059300, -0.01068115
 0.00059320, -0.01098633
 0.00059340, -0.01159668
 0.00059360, -0.01251221
 0.00059380, -0.01312256
 0.00059400, -0.01312256
 0.00059420, -0.01434326
 0.00059440, -0.01495361
 0.00059460, -0.01556396
 0.00059480, -0.01556396
 0.00059500, -0.01617432
 0.00059520, -0.01708984
 0.00059540, -0.01770020
 0.00059560, -0.01922607
 0.00059580, -0.01800537
 0.00059600, -0.01708984
 0.00059620, -0.01678467
 0.00059640, -0.01647949
 0.00059660, -0.01678467
 0.00059680, -0.01708984
 0.00059700, -0.01861572
 0.00059720, -0.01800537
 0.00059740, -0.01800537
 0.00059760, -0.01617432
 0.00059780, -0.01373291
 0.00059800, -0.01159668
 0.00059820, -0.00732422
 0.00059840, -0.00396729
 0.00059860, -0.00091553
 0.00059880,  0.00091553
 0.00059900,  0.00213623
 0.00059920,  0.00244141
 0.00059940,  0.00000000
 0.00059960, -0.00152588
 0.00059980, -0.00335693
 0.00060000, -0.00518799
 0.00060020, -0.00640869
 0.00060040, -0.00793457
 0.00060060, -0.00793457
 0.00060080, -0.00823975
 0.00060100, -0.00854492
 0.00060120, -0.00885010
 0.00060140, -0.01007080
 0.00060160, -0.01129150
 0.00060180, -0.01251221
 0.00060200, -0.01281738
 0.00060220, -0.01525879
 0.00060240, -0.01617432
 0.00060260, -0.01586914
 0.00060280, -0.01495361
 0.00060300, -0.01495361
 0.00060320, -0.01495361
 0.00060340, -0.01434326
 0.00060360, -0.01403809
 0.00060380, -0.01312256
 0.00060400, -0.01312256
 0.00060420, -0.01220703
 0.00060440, -0.01129150
 0.00060460, -0.01007080
 0.00060480, -0.00823975
 0.00060500, -0.00610352
 0.00060520, -0.00518799
 0.00060540, -0.00366211
 0.00060560, -0.00305176
 0.00060580, -0.00274658
 0.00060600, -0.00305176
 0.00060620, -0.00274658
 0.00060640, -0.00213623
 0.00060660, -0.00122070
 0.00060680, -0.00030518
 0.00060700,  0.00122070
 0.00060720,  0.00183105
 0.00060740,  0.00091553
 0.00060760,  0.00030518
 0.00060780, -0.00183105
 0.00060800, -0.00457764
 0.00060820, -0.00732422
 0.00060840, -0.00885010
 0.00060860, -0.01098633
 0.00060880, -0.01190186
 0.00060900, -0.01129150
 0.00060920, -0.00976563
 0.00060940, -0.00915527
 0.00060960, -0.00793457
 0.00060980, -0.00793457
 0.00061000, -0.00793457
 0.00061020, -0.00885010
 0.00061040, -0.00946045
 0.00061060, -0.01190186
 0.00061080, -0.01281738
 0.00061100, -0.01312256
 0.00061120, -0.01312256
 0.00061140, -0.01190186
 0.00061160, -0.01159668
 0.00061180, -0.00915527
 0.00061200, -0.00610352
 0.00061220, -0.00488281
 0.00061240, -0.00335693
 0.00061260, -0.00183105
 0.00061280, -0.00091553
 0.00061300, -0.00061035
 0.00061320,  0.00000000
 0.00061340, -0.00091553
 0.00061360, -0.00152588
 0.00061380, -0.00213623
 0.00061400, -0.00305176
 0.00061420, -0.00274658
 0.00061440, -0.00244141
 0.00061460, -0.00122070
 0.00061480,  0.00091553
 0.00061500,  0.00213623
 0.00061520,  0.00305176
 0.00061540,  0.00396729
 0.00061560,  0.00396729
 0.00061580,  0.00457764
 0.00061600,  0.00457764
 0.00061620,  0.00518799
 0.00061640,  0.00640869
 0.00061660,  0.00854492
 0.00061680,  0.01037598
 0.00061700,  0.01159668
 0.00061720,  0.01281738
 0.00061740,  0.01281738
 0.00061760,  0.01190186
 0.00061780,  0.00976563
 0.00061800,  0.00762939
 0.00061820,  0.00518799
 0.00061840,  0.00427246
 0.00061860,  0.00518799
 0.00061880,  0.00640869
 0.00061900,  0.00793457
 0.00061920,  0.00976563
 0.00061940,  0.01007080
 0.00061960,  0.01037598
 0.00061980,  0.00976563
 0.00062000,  0.00946045
 0.00062020,  0.00762939
 0.00062040,  0.00732422
 0.00062060,  0.00793457
 0.00062080,  0.00946045
 0.00062100,  0.01190186
 0.00062120,  0.01464844
 0.00062140,  0.01647949
 0.00062160,  0.01800537
 0.00062180,  0.01770020
 0.00062200,  0.01525879
 0.00062220,  0.01220703
 0.00062240,  0.00732422
 0.00062260,  0.00213623
 0.00062280, -0.00091553
 0.00062300, -0.00305176
 0.00062320, -0.00396729
 0.00062340, -0.00396729
 0.00062360, -0.00305176
 0.00062380, -0.00244141
 0.00062400, -0.00091553
 0.00062420, -0.00183105
 0.00062440, -0.00305176
 0.00062460, -0.00457764
 0.00062480, -0.00671387
 0.00062500, -0.00854492
 0.00062520, -0.00976563
 0.00062540, -0.00976563
 0.00062560, -0.00915527
 0.00062580, -0.00823975
 0.00062600, -0.00793457
 0.00062620, -0.00701904
 0.00062640, -0.00549316
 0.00062660, -0.00488281
 0.00062680, -0.00396729
 0.00062700, -0.00274658
 0.00062720, -0.00213623
 0.00062740, -0.00183105
 0.00062760, -0.00213623
 0.00062780, -0.00305176
 0.00062800, -0.00305176
 0.00062820, -0.00305176
 0.00062840, -0.00305176
 0.00062860, -0.00305176
 0.00062880, -0.00152588
 0.00062900, -0.00030518
 0.00062920,  0.00183105
 0.00062940,  0.00366211
 0.00062960,  0.00610352
 0.00062980,  0.00732422
 0.00063000,  0.00946045
 0.00063020,  0.01007080
 0.00063040,  0.00915527
 0.00063060,  0.00793457
 0.00063080,  0.00640869
 0.00063100,  0.00457764
 0.00063120,  0.00335693
 0.00063140,  0.00274658
 0.00063160,  0.00335693
 0.00063180,  0.00488281
 0.00063200,  0.00793457
 0.00063220,  0.01007080
 0.00063240,  0.01129150
 0.00063260,  0.01129150
 0.00063280,  0.00915527
 0.00063300,  0.00488281
 0.00063320,  0.00061035
 0.00063340, -0.00274658
 0.00063360, -0.00427246
 0.00063380, -0.00427246
 0.00063400, -0.00091553
 0.00063420,  0.00396729
 0.00063440,  0.00946045
 0.00063460,  0.01434326
 0.00063480,  0.01800537
 0.00063500,  0.01892090
 0.00063520,  0.01770020
 0.00063540,  0.01434326
 0.00063560,  0.00976563
 0.00063580,  0.00671387
 0.00063600,  0.00427246
 0.00063620,  0.00457764
 0.00063640,  0.00701904
 0.00063660,  0.01190186
 0.00063680,  0.01647949
 0.00063700,  0.01922607
 0.00063720,  0.02136230
 0.00063740,  0.02166748
 0.00063760,  0.02014160
 0.00063780,  0.01739502
 0.00063800,  0.01403809
 0.00063820,  0.01220703
 0.00063840,  0.01220703
 0.00063860,  0.01373291
 0.00063880,  0.01617432
 0.00063900,  0.01861572
 0.00063920,  0.01953125
 0.00063940,  0.01953125
 0.00063960,  0.01800537
 0.00063980,  0.01342773
 0.00064000,  0.00793457
 0.00064020,  0.00457764
 0.00064040,  0.00274658
 0.00064060,  0.00244141
 0.00064080,  0.00579834
 0.00064100,  0.01098633
 0.00064120,  0.01525879
 0.00064140,  0.01892090
 0.00064160,  0.02105713
 0.00064180,  0.01953125
 0.00064200,  0.01617432
 0.00064220,  0.01190186
 0.00064240,  0.00823975
 0.00064260,  0.00549316
 0.00064280,  0.00518799
 0.00064300,  0.00732422
 0.00064320,  0.01129150
 0.00064340,  0.01586914
 0.00064360,  0.01922607
 0.00064380,  0.02166748
 0.00064400,  0.02166748
 0.00064420,  0.02014160
 0.00064440,  0.01861572
 0.00064460,  0.01586914
 0.00064480,  0.01281738
 0.00064500,  0.01098633
 0.00064520,  0.01159668
 0.00064540,  0.01281738
 0.00064560,  0.01434326
 0.00064580,  0.01464844
 0.00064600,  0.01434326
 0.00064620,  0.01281738
 0.00064640,  0.00976563
 0.00064660,  0.00793457
 0.00064680,  0.00610352
 0.00064700,  0.00427246
 0.00064720,  0.00427246
 0.00064740,  0.00396729
 0.00064760,  0.00396729
 0.00064780,  0.00396729
 0.00064800,  0.00305176
 0.00064820,  0.00091553
 0.00064840, -0.00244141
 0.00064860, -0.00457764
 0.00064880, -0.00610352
 0.00064900, -0.00671387
 0.00064920, -0.00549316
 0.00064940, -0.00488281
 0.00064960, -0.00335693
 0.00064980, -0.00274658
 0.00065000, -0.00244141
 0.00065020, -0.00366211
 0.00065040, -0.00396729
 0.00065060, -0.00579834
 0.00065080, -0.00640869
 0.00065100, -0.00671387
 0.00065120, -0.00640869
 0.00065140, -0.00549316
 0.00065160, -0.00488281
 0.00065180, -0.00488281
 0.00065200, -0.00518799
 0.00065220, -0.00671387
 0.00065240, -0.00976563
 0.00065260, -0.01373291
 0.00065280, -0.01647949
 0.00065300, -0.01922607
 0.00065320, -0.02075195
 0.00065340, -0.02075195
 0.00065360, -0.01892090
 0.00065380, -0.01708984
 0.00065400, -0.01586914
 0.00065420, -0.01617432
 0.00065440, -0.01708984
 0.00065460, -0.01831055
 0.00065480, -0.02197266
 0.00065500, -0.02532959
 0.00065520, -0.02685547
 0.00065540, -0.02838135
 0.00065560, -0.02777100
 0.00065580, -0.02593994
 0.00065600, -0.02136230
 0.00065620, -0.01708984
 0.00065640, -0.01373291
 0.00065660, -0.01251221
 0.00065680, -0.01068115
 0.00065700, -0.01007080
 0.00065720, -0.01129150
 0.00065740, -0.01159668
 0.00065760, -0.01190186
 0.00065780, -0.01190186
 0.00065800, -0.01098633
 0.00065820, -0.00915527
 0.00065840, -0.00671387
 0.00065860, -0.00549316
 0.00065880, -0.00457764
 0.00065900, -0.00396729
 0.00065920, -0.00396729
 0.00065940, -0.00579834
 0.00065960, -0.00610352
 0.00065980, -0.00640869
 0.00066000, -0.00549316
 0.00066020, -0.00488281
 0.00066040, -0.00213623
 0.00066060, -0.00030518
 0.00066080,  0.00152588
 0.00066100,  0.00152588
 0.00066120,  0.00213623
 0.00066140,  0.00030518
 0.00066160, -0.00244141
 0.00066180, -0.00579834
 0.00066200, -0.00976563
 0.00066220, -0.01251221
 0.00066240, -0.01190186
 0.00066260, -0.01220703
 0.00066280, -0.01098633
 0.00066300, -0.00854492
 0.00066320, -0.00579834
 0.00066340, -0.00305176
 0.00066360, -0.00244141
 0.00066380, -0.00213623
 0.00066400, -0.00183105
 0.00066420, -0.00183105
 0.00066440, -0.00244141
 0.00066460, -0.00213623
 0.00066480, -0.00091553
 0.00066500,  0.00000000
 0.00066520,  0.00183105
 0.00066540,  0.00396729
 0.00066560,  0.00579834
 0.00066580,  0.00610352
 0.00066600,  0.00701904
 0.00066620,  0.00579834
 0.00066640,  0.00366211
 0.00066660,  0.00061035
 0.00066680, -0.00305176
 0.00066700, -0.00701904
 0.00066720, -0.01007080
 0.00066740, -0.01129150
 0.00066760, -0.01129150
 0.00066780, -0.00946045
 0.00066800, -0.00793457
 0.00066820, -0.00762939
 0.00066840, -0.00732422
 0.00066860, -0.00885010
 0.00066880, -0.01129150
 0.00066900, -0.01495361
 0.00066920, -0.01708984
 0.00066940, -0.01892090
 0.00066960, -0.01953125
 0.00066980, -0.01922607
 0.00067000, -0.01678467
 0.00067020, -0.01434326
 0.00067040, -0.01007080
 0.00067060, -0.00610352
 0.00067080, -0.00396729
 0.00067100, -0.00305176
 0.00067120, -0.00396729
 0.00067140, -0.00549316
 0.00067160, -0.00610352
 0.00067180, -0.00701904
 0.00067200, -0.00701904
 0.00067220, -0.00457764
 0.00067240, -0.00183105
 0.00067260,  0.00152588
 0.00067280,  0.00427246
 0.00067300,  0.00427246
 0.00067320,  0.00366211
 0.00067340,  0.00061035
 0.00067360, -0.00335693
 0.00067380, -0.00762939
 0.00067400, -0.01129150
 0.00067420, -0.01312256
 0.00067440, -0.01434326
 0.00067460, -0.01281738
 0.00067480, -0.01129150
 0.00067500, -0.00976563
 0.00067520, -0.00823975
 0.00067540, -0.00946045
 0.00067560, -0.01190186
 0.00067580, -0.01647949
 0.00067600, -0.02014160
 0.00067620, -0.02380371
 0.00067640, -0.02471924
 0.00067660, -0.02410889
 0.00067680, -0.02136230
 0.00067700, -0.01708984
 0.00067720, -0.01373291
 0.00067740, -0.00946045
 0.00067760, -0.00671387
 0.00067780, -0.00610352
 0.00067800, -0.00671387
 0.00067820, -0.00823975
 0.00067840, -0.00885010
 0.00067860, -0.00885010
 0.00067880, -0.00610352
 0.00067900, -0.00244141
 0.00067920,  0.00091553
 0.00067940,  0.00518799
 0.00067960,  0.00701904
 0.00067980,  0.00732422
 0.00068000,  0.00518799
 0.00068020,  0.00061035
 0.00068040, -0.00488281
 0.00068060, -0.00976563
 0.00068080, -0.01342773
 0.00068100, -0.01464844
 0.00068120, -0.01373291
 0.00068140, -0.01037598
 0.00068160, -0.00671387
 0.00068180, -0.00305176
 0.00068200, -0.00152588
 0.00068220, -0.00274658
 0.00068240, -0.00579834
 0.00068260, -0.01007080
 0.00068280, -0.01434326
 0.00068300, -0.01770020
 0.00068320, -0.01708984
 0.00068340, -0.01525879
 0.00068360, -0.01220703
 0.00068380, -0.00701904
 0.00068400, -0.00213623
 0.00068420,  0.00183105
 0.00068440,  0.00366211
 0.00068460,  0.00274658
 0.00068480,  0.00000000
 0.00068500, -0.00305176
 0.00068520, -0.00579834
 0.00068540, -0.00701904
 0.00068560, -0.00488281
 0.00068580, -0.00122070
 0.00068600,  0.00427246
 0.00068620,  0.00976563
 0.00068640,  0.01403809
 0.00068660,  0.01708984
 0.00068680,  0.01800537
 0.00068700,  0.01708984
 0.00068720,  0.01525879
 0.00068740,  0.01220703
 0.00068760,  0.01007080
 0.00068780,  0.00915527
 0.00068800,  0.00976563
 0.00068820,  0.01068115
 0.00068840,  0.01129150
 0.00068860,  0.01190186
 0.00068880,  0.01159668
 0.00068900,  0.00976563
 0.00068920,  0.00793457
 0.00068940,  0.00579834
 0.00068960,  0.00335693
 0.00068980,  0.00274658
 0.00069000,  0.00305176
 0.00069020,  0.00396729
 0.00069040,  0.00457764
 0.00069060,  0.00549316
 0.00069080,  0.00640869
 0.00069100,  0.00640869
 0.00069120,  0.00549316
 0.00069140,  0.00488281
 0.00069160,  0.00427246
 0.00069180,  0.00427246
 0.00069200,  0.00457764
 0.00069220,  0.00488281
 0.00069240,  0.00610352
 0.00069260,  0.00762939
 0.00069280,  0.00823975
 0.00069300,  0.00885010
 0.00069320,  0.00946045
 0.00069340,  0.00885010
 0.00069360,  0.00885010
 0.00069380,  0.00854492
 0.00069400,  0.00946045
 0.00069420,  0.01007080
 0.00069440,  0.01098633
 0.00069460,  0.01220703
 0.00069480,  0.01220703
 0.00069500,  0.01190186
 0.00069520,  0.01129150
 0.00069540,  0.01068115
 0.00069560,  0.00854492
 0.00069580,  0.00762939
 0.00069600,  0.00671387
 0.00069620,  0.00610352
 0.00069640,  0.00579834
 0.00069660,  0.00488281
 0.00069680,  0.00366211
 0.00069700,  0.00183105
 0.00069720, -0.00122070
 0.00069740, -0.00427246
 0.00069760, -0.00732422
 0.00069780, -0.00976563
 0.00069800, -0.01098633
 0.00069820, -0.01007080
 0.00069840, -0.00885010
 0.00069860, -0.00671387
 0.00069880, -0.00518799
 0.00069900, -0.00366211
 0.00069920, -0.00305176
 0.00069940, -0.00213623
 0.00069960, -0.00244141
 0.00069980, -0.00152588
 0.00070000, -0.00244141
 0.00070020, -0.00213623
 0.00070040, -0.00122070
 0.00070060, -0.00030518
 0.00070080,  0.00122070
 0.00070100,  0.00213623
 0.00070120,  0.00305176
 0.00070140,  0.00366211
 0.00070160,  0.00335693
 0.00070180,  0.00244141
 0.00070200, -0.00061035
 0.00070220, -0.00427246
 0.00070240, -0.00701904
 0.00070260, -0.00915527
 0.00070280, -0.01159668
 0.00070300, -0.01159668
 0.00070320, -0.01007080
 0.00070340, -0.00946045
 0.00070360, -0.00854492
 0.00070380, -0.00823975
 0.00070400, -0.00793457
 0.00070420, -0.00793457
 0.00070440, -0.00946045
 0.00070460, -0.01007080
 0.00070480, -0.01068115
 0.00070500, -0.01068115
 0.00070520, -0.00885010
 0.00070540, -0.00579834
 0.00070560, -0.00305176
 0.00070580,  0.00000000
 0.00070600,  0.00366211
 0.00070620,  0.00640869
 0.00070640,  0.00549316
 0.00070660,  0.00457764
 0.00070680,  0.00244141
 0.00070700,  0.00061035
 0.00070720, -0.00122070
 0.00070740, -0.00061035
 0.00070760,  0.00122070
 0.00070780,  0.00396729
 0.00070800,  0.00823975
 0.00070820,  0.01251221
 0.00070840,  0.01495361
 0.00070860,  0.01617432
 0.00070880,  0.01556396
 0.00070900,  0.01251221
 0.00070920,  0.00854492
 0.00070940,  0.00518799
 0.00070960,  0.00335693
 0.00070980,  0.00396729
 0.00071000,  0.00671387
 0.00071020,  0.00946045
 0.00071040,  0.01373291
 0.00071060,  0.01739502
 0.00071080,  0.01892090
 0.00071100,  0.01770020
 0.00071120,  0.01495361
 0.00071140,  0.01220703
 0.00071160,  0.01007080
 0.00071180,  0.00885010
 0.00071200,  0.00885010
 0.00071220,  0.01068115
 0.00071240,  0.01434326
 0.00071260,  0.01770020
 0.00071280,  0.02105713
 0.00071300,  0.02136230
 0.00071320,  0.02014160
 0.00071340,  0.01708984
 0.00071360,  0.01190186
 0.00071380,  0.00701904
 0.00071400,  0.00396729
 0.00071420,  0.00366211
 0.00071440,  0.00457764
 0.00071460,  0.00885010
 0.00071480,  0.01312256
 0.00071500,  0.01739502
 0.00071520,  0.02014160
 0.00071540,  0.02105713
 0.00071560,  0.01922607
 0.00071580,  0.01586914
 0.00071600,  0.01251221
 0.00071620,  0.00976563
 0.00071640,  0.00823975
 0.00071660,  0.00946045
 0.00071680,  0.01190186
 0.00071700,  0.01495361
 0.00071720,  0.01647949
 0.00071740,  0.01800537
 0.00071760,  0.01647949
 0.00071780,  0.01281738
 0.00071800,  0.00732422
 0.00071820,  0.00122070
 0.00071840, -0.00274658
 0.00071860, -0.00579834
 0.00071880, -0.00610352
 0.00071900, -0.00335693
 0.00071920, -0.00091553
 0.00071940,  0.00305176
 0.00071960,  0.00549316
 0.00071980,  0.00640869
 0.00072000,  0.00427246
 0.00072020,  0.00122070
 0.00072040, -0.00183105
 0.00072060, -0.00549316
 0.00072080, -0.00701904
 0.00072100, -0.00762939
 0.00072120, -0.00671387
 0.00072140, -0.00457764
 0.00072160, -0.00335693
 0.00072180, -0.00183105
 0.00072200, -0.00213623
 0.00072220, -0.00427246
 0.00072240, -0.00762939
 0.00072260, -0.01129150
 0.00072280, -0.01495361
 0.00072300, -0.01708984
 0.00072320, -0.01708984
 0.00072340, -0.01800537
 0.00072360, -0.01739502
 0.00072380, -0.01708984
 0.00072400, -0.01617432
 0.00072420, -0.01678467
 0.00072440, -0.01892090
 0.00072460, -0.01983643
 0.00072480, -0.01983643
 0.00072500, -0.01953125
 0.00072520, -0.01953125
 0.00072540, -0.01922607
 0.00072560, -0.01739502
 0.00072580, -0.01617432
 0.00072600, -0.01617432
 0.00072620, -0.01495361
 0.00072640, -0.01342773
 0.00072660, -0.01251221
 0.00072680, -0.01220703
 0.00072700, -0.01098633
 0.00072720, -0.00915527
 0.00072740, -0.00762939
 0.00072760, -0.00579834
 0.00072780, -0.00457764
 0.00072800, -0.00213623
 0.00072820, -0.00061035
 0.00072840, -0.00030518
 0.00072860,  0.00000000
 0.00072880, -0.00152588
 0.00072900, -0.00335693
 0.00072920, -0.00305176
 0.00072940, -0.00427246
 0.00072960, -0.00488281
 0.00072980, -0.00457764
 0.00073000, -0.00488281
 0.00073020, -0.00457764
 0.00073040, -0.00488281
 0.00073060, -0.00640869
 0.00073080, -0.00762939
 0.00073100, -0.00946045
 0.00073120, -0.01129150
 0.00073140, -0.01190186
 0.00073160, -0.01251221
 0.00073180, -0.01068115
 0.00073200, -0.00793457
 0.00073220, -0.00549316
 0.00073240, -0.00335693
 0.00073260,  0.00030518
 0.00073280,  0.00244141
 0.00073300,  0.00366211
 0.00073320,  0.00274658
 0.00073340,  0.00183105
 0.00073360,  0.00000000
 0.00073380, -0.00122070
 0.00073400, -0.00091553
 0.00073420, -0.00030518
 0.00073440,  0.00061035
 0.00073460,  0.00213623
 0.00073480,  0.00427246
 0.00073500,  0.00518799
 0.00073520,  0.00488281
 0.00073540,  0.00427246
 0.00073560,  0.00152588
 0.00073580, -0.00030518
 0.00073600, -0.00305176
 0.00073620, -0.00457764
 0.00073640, -0.00427246
 0.00073660, -0.00305176
 0.00073680, -0.00213623
 0.00073700, -0.00091553
 0.00073720, -0.00183105
 0.00073740, -0.00244141
 0.00073760, -0.00366211
 0.00073780, -0.00518799
 0.00073800, -0.00701904
 0.00073820, -0.00854492
 0.00073840, -0.00793457
 0.00073860, -0.00579834
 0.00073880, -0.00274658
 0.00073900,  0.00091553
 0.00073920,  0.00427246
 0.00073940,  0.00610352
 0.00073960,  0.00640869
 0.00073980,  0.00549316
 0.00074000,  0.00396729
 0.00074020,  0.00244141
 0.00074040,  0.00244141
 0.00074060,  0.00366211
 0.00074080,  0.00488281
 0.00074100,  0.00701904
 0.00074120,  0.00915527
 0.00074140,  0.01098633
 0.00074160,  0.01098633
 0.00074180,  0.00854492
 0.00074200,  0.00518799
 0.00074220,  0.00213623
 0.00074240, -0.00030518
 0.00074260, -0.00152588
 0.00074280, -0.00244141
 0.00074300, -0.00244141
 0.00074320, -0.00122070
 0.00074340, -0.00152588
 0.00074360, -0.00244141
 0.00074380, -0.00427246
 0.00074400, -0.00732422
 0.00074420, -0.01098633
 0.00074440, -0.01464844
 0.00074460, -0.01586914
 0.00074480, -0.01647949
 0.00074500, -0.01617432
 0.00074520, -0.01525879
 0.00074540, -0.01373291
 0.00074560, -0.01190186
 0.00074580, -0.01098633
 0.00074600, -0.01129150
 0.00074620, -0.01251221
 0.00074640, -0.01403809
 0.00074660, -0.01525879
 0.00074680, -0.01617432
 0.00074700, -0.01647949
 0.00074720, -0.01556396
 0.00074740, -0.01525879
 0.00074760, -0.01373291
 0.00074780, -0.01159668
 0.00074800, -0.01037598
 0.00074820, -0.00823975
 0.00074840, -0.00793457
 0.00074860, -0.00823975
 0.00074880, -0.00854492
 0.00074900, -0.01007080
 0.00074920, -0.01159668
 0.00074940, -0.01068115
 0.00074960, -0.00976563
 0.00074980, -0.00885010
 0.00075000, -0.00701904
 0.00075020, -0.00518799
 0.00075040, -0.00488281
 0.00075060, -0.00457764
 0.00075080, -0.00549316
 0.00075100, -0.00671387
 0.00075120, -0.00854492
 0.00075140, -0.00915527
 0.00075160, -0.00976563
 0.00075180, -0.00976563
 0.00075200, -0.00915527
 0.00075220, -0.00732422
 0.00075240, -0.00579834
 0.00075260, -0.00396729
 0.00075280, -0.00396729
 0.00075300, -0.00396729
 0.00075320, -0.00549316
 0.00075340, -0.00671387
 0.00075360, -0.00701904
 0.00075380, -0.00610352
 0.00075400, -0.00427246
 0.00075420, -0.00122070
 0.00075440,  0.00122070
 0.00075460,  0.00457764
 0.00075480,  0.00762939
 0.00075500,  0.00946045
 0.00075520,  0.00915527
 0.00075540,  0.00946045
 0.00075560,  0.00915527
 0.00075580,  0.00854492
 0.00075600,  0.00793457
 0.00075620,  0.00701904
 0.00075640,  0.00671387
 0.00075660,  0.00701904
 0.00075680,  0.00823975
 0.00075700,  0.00915527
 0.00075720,  0.01037598
 0.00075740,  0.01068115
 0.00075760,  0.01007080
 0.00075780,  0.00885010
 0.00075800,  0.00762939
 0.00075820,  0.00579834
 0.00075840,  0.00244141
 0.00075860, -0.00030518
 0.00075880, -0.00274658
 0.00075900, -0.00488281
 0.00075920, -0.00457764
 0.00075940, -0.00366211
 0.00075960, -0.00213623
 0.00075980, -0.00091553
 0.00076000, -0.00030518
 0.00076020,  0.00091553
 0.00076040,  0.00122070
 0.00076060,  0.00183105
 0.00076080,  0.00152588
 0.00076100,  0.00152588
 0.00076120,  0.00091553
 0.00076140,  0.00152588
 0.00076160,  0.00335693
 0.00076180,  0.00488281
 0.00076200,  0.00579834
 0.00076220,  0.00671387
 0.00076240,  0.00579834
 0.00076260,  0.00305176
 0.00076280,  0.00152588
 0.00076300, -0.00030518
 0.00076320, -0.00091553
 0.00076340, -0.00061035
 0.00076360,  0.00030518
 0.00076380,  0.00244141
 0.00076400,  0.00518799
 0.00076420,  0.00671387
 0.00076440,  0.00793457
 0.00076460,  0.00762939
 0.00076480,  0.00549316
 0.00076500,  0.00335693
 0.00076520,  0.00152588
 0.00076540, -0.00030518
 0.00076560, -0.00061035
 0.00076580,  0.00000000
 0.00076600,  0.00091553
 0.00076620,  0.00213623
 0.00076640,  0.00305176
 0.00076660,  0.00396729
 0.00076680,  0.00335693
 0.00076700,  0.00335693
 0.00076720,  0.00152588
 0.00076740,  0.00000000
 0.00076760, -0.00183105
 0.00076780, -0.00213623
 0.00076800, -0.00091553
 0.00076820,  0.00030518
 0.00076840,  0.00122070
 0.00076860,  0.00244141
 0.00076880,  0.00274658
 0.00076900,  0.00213623
 0.00076920,  0.00152588
 0.00076940,  0.00030518
 0.00076960, -0.00152588
 0.00076980, -0.00213623
 0.00077000, -0.00305176
 0.00077020, -0.00305176
 0.00077040, -0.00335693
 0.00077060, -0.00366211
 0.00077080, -0.00366211
 0.00077100, -0.00274658
 0.00077120, -0.00122070
 0.00077140, -0.00030518
 0.00077160, -0.00030518
 0.00077180,  0.00000000
 0.00077200, -0.00091553
 0.00077220, -0.00244141
 0.00077240, -0.00427246
 0.00077260, -0.00549316
 0.00077280, -0.00640869
 0.00077300, -0.00732422
 0.00077320, -0.00732422
 0.00077340, -0.00671387
 0.00077360, -0.00549316
 0.00077380, -0.00518799
 0.00077400, -0.00549316
 0.00077420, -0.00610352
 0.00077440, -0.00793457
 0.00077460, -0.00946045
 0.00077480, -0.01098633
 0.00077500, -0.01220703
 0.00077520, -0.01251221
 0.00077540, -0.01129150
 0.00077560, -0.00976563
 0.00077580, -0.00823975
 0.00077600, -0.00671387
 0.00077620, -0.00610352
 0.00077640, -0.00579834
 0.00077660, -0.00701904
 0.00077680, -0.00823975
 0.00077700, -0.00854492
 0.00077720, -0.00823975
 0.00077740, -0.00732422
 0.00077760, -0.00640869
 0.00077780, -0.00457764
 0.00077800, -0.00335693
 0.00077820, -0.00305176
 0.00077840, -0.00091553
 0.00077860,  0.00000000
 0.00077880,  0.00030518
 0.00077900,  0.00122070
 0.00077920,  0.00274658
 0.00077940,  0.00396729
 0.00077960,  0.00457764
 0.00077980,  0.00488281
 0.00078000,  0.00488281
 0.00078020,  0.00396729
 0.00078040,  0.00305176
 0.00078060,  0.00335693
 0.00078080,  0.00335693
 0.00078100,  0.00335693
 0.00078120,  0.00396729
 0.00078140,  0.00457764
 0.00078160,  0.00488281
 0.00078180,  0.00610352
 0.00078200,  0.00640869
 0.00078220,  0.00640869
 0.00078240,  0.00701904
 0.00078260,  0.00793457
 0.00078280,  0.00885010
 0.00078300,  0.00946045
 0.00078320,  0.01037598
 0.00078340,  0.01190186
 0.00078360,  0.01312256
 0.00078380,  0.01434326
 0.00078400,  0.01556396
 0.00078420,  0.01495361
 0.00078440,  0.01434326
 0.00078460,  0.01434326
 0.00078480,  0.01403809
 0.00078500,  0.01556396
 0.00078520,  0.01647949
 0.00078540,  0.01892090
 0.00078560,  0.02075195
 0.00078580,  0.02166748
 0.00078600,  0.02044678
 0.00078620,  0.01922607
 0.00078640,  0.01708984
 0.00078660,  0.01403809
 0.00078680,  0.01190186
 0.00078700,  0.00946045
 0.00078720,  0.00915527
 0.00078740,  0.00915527
 0.00078760,  0.01068115
 0.00078780,  0.01281738
 0.00078800,  0.01373291
 0.00078820,  0.01434326
 0.00078840,  0.01464844
 0.00078860,  0.01312256
 0.00078880,  0.01068115
 0.00078900,  0.00885010
 0.00078920,  0.00701904
 0.00078940,  0.00549316
 0.00078960,  0.00549316
 0.00078980,  0.00640869
 0.00079000,  0.00823975
 0.00079020,  0.00976563
 0.00079040,  0.01007080
 0.00079060,  0.00885010
 0.00079080,  0.00732422
 0.00079100,  0.00488281
 0.00079120,  0.00366211
 0.00079140,  0.00122070
 0.00079160,  0.00061035
 0.00079180,  0.00152588
 0.00079200,  0.00213623
 0.00079220,  0.00274658
 0.00079240,  0.00274658
 0.00079260,  0.00183105
 0.00079280,  0.00030518
 0.00079300, -0.00244141
 0.00079320, -0.00671387
 0.00079340, -0.00915527
 0.00079360, -0.01190186
 0.00079380, -0.01342773
 0.00079400, -0.01312256
 0.00079420, -0.01251221
 0.00079440, -0.01159668
 0.00079460, -0.01037598
 0.00079480, -0.01068115
 0.00079500, -0.01190186
 0.00079520, -0.01403809
 0.00079540, -0.01495361
 0.00079560, -0.01831055
 0.00079580, -0.01831055
 0.00079600, -0.01800537
 0.00079620, -0.01800537
 0.00079640, -0.01403809
 0.00079660, -0.01251221
 0.00079680, -0.01068115
 0.00079700, -0.00946045
 0.00079720, -0.00976563
 0.00079740, -0.01007080
 0.00079760, -0.01129150
 0.00079780, -0.01159668
 0.00079800, -0.01373291
 0.00079820, -0.01373291
 0.00079840, -0.01312256
 0.00079860, -0.01190186
 0.00079880, -0.01007080
 0.00079900, -0.00854492
 0.00079920, -0.00701904
 0.00079940, -0.00579834
 0.00079960, -0.00518799
 0.00079980, -0.00518799
 0.00080000, -0.00518799
 0.00080020, -0.00549316
 0.00080040, -0.00518799
 0.00080060, -0.00518799
 0.00080080, -0.00518799
 0.00080100, -0.00518799
 0.00080120, -0.00518799
 0.00080140, -0.00610352
 0.00080160, -0.00701904
 0.00080180, -0.00885010
 0.00080200, -0.00915527
 0.00080220, -0.00793457
 0.00080240, -0.00610352
 0.00080260, -0.00213623
 0.00080280,  0.00122070
 0.00080300,  0.00427246
 0.00080320,  0.00610352
 0.00080340,  0.00579834
 0.00080360,  0.00427246
 0.00080380,  0.00213623
 0.00080400,  0.00000000
 0.00080420, -0.00274658
 0.00080440, -0.00274658
 0.00080460, -0.00122070
 0.00080480,  0.00183105
 0.00080500,  0.00549316
 0.00080520,  0.00823975
 0.00080540,  0.00976563
 0.00080560,  0.00976563
 0.00080580,  0.00793457
 0.00080600,  0.00579834
 0.00080620,  0.00244141
 0.00080640,  0.00061035
 0.00080660,  0.00030518
 0.00080680,  0.00091553
 0.00080700,  0.00183105
 0.00080720,  0.00396729
 0.00080740,  0.00610352
 0.00080760,  0.00701904
 0.00080780,  0.00640869
 0.00080800,  0.00335693
 0.00080820,  0.00061035
 0.00080840, -0.00244141
 0.00080860, -0.00366211
 0.00080880, -0.00366211
 0.00080900, -0.00213623
 0.00080920,  0.00061035
 0.00080940,  0.00274658
 0.00080960,  0.00488281
 0.00080980,  0.00579834
 0.00081000,  0.00610352
 0.00081020,  0.00549316
 0.00081040,  0.00518799
 0.00081060,  0.00396729
 0.00081080,  0.00366211
 0.00081100,  0.00366211
 0.00081120,  0.00366211
 0.00081140,  0.00488281
 0.00081160,  0.00640869
 0.00081180,  0.00793457
 0.00081200,  0.00793457
 0.00081220,  0.00701904
 0.00081240,  0.00488281
 0.00081260,  0.00274658
 0.00081280,  0.00030518
 0.00081300, -0.00213623
 0.00081320, -0.00457764
 0.00081340, -0.00671387
 0.00081360, -0.00793457
 0.00081380, -0.00854492
 0.00081400, -0.00946045
 0.00081420, -0.01037598
 0.00081440, -0.01068115
 0.00081460, -0.01159668
 0.00081480, -0.01281738
 0.00081500, -0.01403809
 0.00081520, -0.01342773
 0.00081540, -0.01434326
 0.00081560, -0.01525879
 0.00081580, -0.01617432
 0.00081600, -0.01770020
 0.00081620, -0.01770020
 0.00081640, -0.01831055
 0.00081660, -0.02014160
 0.00081680, -0.01983643
 0.00081700, -0.01922607
 0.00081720, -0.01983643
 0.00081740, -0.01831055
 0.00081760, -0.01861572
 0.00081780, -0.01770020
 0.00081800, -0.01617432
 0.00081820, -0.01617432
 0.00081840, -0.01739502
 0.00081860, -0.01800537
 0.00081880, -0.01678467
 0.00081900, -0.01770020
 0.00081920, -0.01708984
 0.00081940, -0.01770020
 0.00081960, -0.01617432
 0.00081980, -0.01647949
 0.00082000, -0.01525879
 0.00082020, -0.01495361
 0.00082040, -0.01403809
 0.00082060, -0.01312256
 0.00082080, -0.01129150
 0.00082100, -0.01037598
 0.00082120, -0.01007080
 0.00082140, -0.00976563
 0.00082160, -0.00854492
 0.00082180, -0.00732422
 0.00082200, -0.00701904
 0.00082220, -0.00610352
 0.00082240, -0.00549316
 0.00082260, -0.00396729
 0.00082280, -0.00244141
 0.00082300, -0.00091553
 0.00082320,  0.00030518
 0.00082340,  0.00274658
 0.00082360,  0.00366211
 0.00082380,  0.00488281
 0.00082400,  0.00579834
 0.00082420,  0.00549316
 0.00082440,  0.00579834
 0.00082460,  0.00549316
 0.00082480,  0.00671387
 0.00082500,  0.00701904
 0.00082520,  0.00793457
 0.00082540,  0.00976563
 0.00082560,  0.01129150
 0.00082580,  0.01190186
 0.00082600,  0.01251221
 0.00082620,  0.01373291
 0.00082640,  0.01281738
 0.00082660,  0.01312256
 0.00082680,  0.01312256
 0.00082700,  0.01281738
 0.00082720,  0.01220703
 0.00082740,  0.01220703
 0.00082760,  0.01098633
 0.00082780,  0.01098633
 0.00082800,  0.01037598
 0.00082820,  0.00946045
 0.00082840,  0.00946045
 0.00082860,  0.00762939
 0.00082880,  0.00732422
 0.00082900,  0.00701904
 0.00082920,  0.00640869
 0.00082940,  0.00549316
 0.00082960,  0.00457764
 0.00082980,  0.00305176
 0.00083000,  0.00122070
 0.00083020,  0.00122070
 0.00083040,  0.00030518
 0.00083060, -0.00122070
 0.00083080, -0.00152588
 0.00083100, -0.00274658
 0.00083120, -0.00305176
 0.00083140, -0.00274658
 0.00083160, -0.00152588
 0.00083180, -0.00061035
 0.00083200,  0.00030518
 0.00083220,  0.00122070
 0.00083240,  0.00183105
 0.00083260,  0.00244141
 0.00083280,  0.00274658
 0.00083300,  0.00274658
 0.00083320,  0.00335693
 0.00083340,  0.00457764
 0.00083360,  0.00488281
 0.00083380,  0.00549316
 0.00083400,  0.00671387
 0.00083420,  0.00732422
 0.00083440,  0.00701904
 0.00083460,  0.00701904
 0.00083480,  0.00640869
 0.00083500,  0.00549316
 0.00083520,  0.00518799
 0.00083540,  0.00427246
 0.00083560,  0.00335693
 0.00083580,  0.00213623
 0.00083600,  0.00183105
 0.00083620,  0.00152588
 0.00083640,  0.00152588
 0.00083660,  0.00122070
 0.00083680,  0.00091553
 0.00083700,  0.00152588
 0.00083720,  0.00000000
 0.00083740, -0.00091553
 0.00083760, -0.00152588
 0.00083780, -0.00244141
 0.00083800, -0.00274658
 0.00083820, -0.00335693
 0.00083840, -0.00366211
 0.00083860, -0.00305176
 0.00083880, -0.00274658
 0.00083900, -0.00244141
 0.00083920, -0.00122070
 0.00083940,  0.00000000
 0.00083960,  0.00183105
 0.00083980,  0.00274658
 0.00084000,  0.00335693
 0.00084020,  0.00274658
 0.00084040,  0.00274658
 0.00084060,  0.00244141
 0.00084080,  0.00091553
 0.00084100,  0.00030518
 0.00084120, -0.00030518
 0.00084140, -0.00183105
 0.00084160, -0.00274658
 0.00084180, -0.00518799
 0.00084200, -0.00762939
 0.00084220, -0.00915527
 0.00084240, -0.01007080
 0.00084260, -0.01007080
 0.00084280, -0.01007080
 0.00084300, -0.00823975
 0.00084320, -0.00701904
 0.00084340, -0.00610352
 0.00084360, -0.00671387
 0.00084380, -0.00915527
 0.00084400, -0.01098633
 0.00084420, -0.01434326
 0.00084440, -0.01739502
 0.00084460, -0.01953125
 0.00084480, -0.01861572
 0.00084500, -0.01861572
 0.00084520, -0.01617432
 0.00084540, -0.01403809
 0.00084560, -0.00915527
 0.00084580, -0.00762939
 0.00084600, -0.00488281
 0.00084620, -0.00366211
 0.00084640, -0.00335693
 0.00084660, -0.00335693
 0.00084680, -0.00305176
 0.00084700, -0.00213623
 0.00084720, -0.00122070
 0.00084740,  0.00030518
 0.00084760,  0.00183105
 0.00084780,  0.00335693
 0.00084800,  0.00549316
 0.00084820,  0.00701904
 0.00084840,  0.00793457
 0.00084860,  0.00762939
 0.00084880,  0.00854492
 0.00084900,  0.00793457
 0.00084920,  0.00640869
 0.00084940,  0.00579834
 0.00084960,  0.00488281
 0.00084980,  0.00457764
 0.00085000,  0.00427246
 0.00085020,  0.00457764
 0.00085040,  0.00488281
 0.00085060,  0.00427246
 0.00085080,  0.00335693
 0.00085100,  0.00122070
 0.00085120, -0.00061035
 0.00085140, -0.00366211
 0.00085160, -0.00579834
 0.00085180, -0.00762939
 0.00085200, -0.00885010
 0.00085220, -0.00976563
 0.00085240, -0.00885010
 0.00085260, -0.00854492
 0.00085280, -0.00793457
 0.00085300, -0.00732422
 0.00085320, -0.00640869
 0.00085340, -0.00549316
 0.00085360, -0.00427246
 0.00085380, -0.00274658
 0.00085400, -0.00152588
 0.00085420,  0.00061035
 0.00085440,  0.00335693
 0.00085460,  0.00488281
 0.00085480,  0.00610352
 0.00085500,  0.00671387
 0.00085520,  0.00610352
 0.00085540,  0.00549316
 0.00085560,  0.00396729
 0.00085580,  0.00152588
 0.00085600,  0.00030518
 0.00085620, -0.00091553
 0.00085640, -0.00091553
 0.00085660, -0.00183105
 0.00085680, -0.00244141
 0.00085700, -0.00274658
 0.00085720, -0.00335693
 0.00085740, -0.00518799
 0.00085760, -0.00701904
 0.00085780, -0.00823975
 0.00085800, -0.00915527
 0.00085820, -0.00946045
 0.00085840, -0.00946045
 0.00085860, -0.00823975
 0.00085880, -0.00732422
 0.00085900, -0.00640869
 0.00085920, -0.00549316
 0.00085940, -0.00488281
 0.00085960, -0.00366211
 0.00085980, -0.00244141
 0.00086000, -0.00091553
 0.00086020,  0.00122070
 0.00086040,  0.00335693
 0.00086060,  0.00549316
 0.00086080,  0.00701904
 0.00086100,  0.00885010
 0.00086120,  0.00915527
 0.00086140,  0.01007080
 0.00086160,  0.01037598
 0.00086180,  0.01007080
 0.00086200,  0.00976563
 0.00086220,  0.01007080
 0.00086240,  0.01129150
 0.00086260,  0.01342773
 0.00086280,  0.01586914
 0.00086300,  0.01739502
 0.00086320,  0.01800537
 0.00086340,  0.01800537
 0.00086360,  0.01586914
 0.00086380,  0.01312256
 0.00086400,  0.01007080
 0.00086420,  0.00823975
 0.00086440,  0.00640869
 0.00086460,  0.00518799
 0.00086480,  0.00549316
 0.00086500,  0.00610352
 0.00086520,  0.00762939
 0.00086540,  0.00885010
 0.00086560,  0.00823975
 0.00086580,  0.00610352
 0.00086600,  0.00396729
 0.00086620,  0.00091553
 0.00086640, -0.00152588
 0.00086660, -0.00335693
 0.00086680, -0.00305176
 0.00086700, -0.00152588
 0.00086720,  0.00152588
 0.00086740,  0.00457764
 0.00086760,  0.00762939
 0.00086780,  0.00946045
 0.00086800,  0.01037598
 0.00086820,  0.00854492
 0.00086840,  0.00701904
 0.00086860,  0.00488281
 0.00086880,  0.00396729
 0.00086900,  0.00396729
 0.00086920,  0.00427246
 0.00086940,  0.00671387
 0.00086960,  0.00885010
 0.00086980,  0.01007080
 0.00087000,  0.01007080
 0.00087020,  0.00854492
 0.00087040,  0.00640869
 0.00087060,  0.00244141
 0.00087080, -0.00122070
 0.00087100, -0.00396729
 0.00087120, -0.00518799
 0.00087140, -0.00579834
 0.00087160, -0.00518799
 0.00087180, -0.00396729
 0.00087200, -0.00396729
 0.00087220, -0.00488281
 0.00087240, -0.00671387
 0.00087260, -0.00854492
 0.00087280, -0.01068115
 0.00087300, -0.01281738
 0.00087320, -0.01373291
 0.00087340, -0.01281738
 0.00087360, -0.01312256
 0.00087380, -0.01159668
 0.00087400, -0.00946045
 0.00087420, -0.00793457
 0.00087440, -0.00671387
 0.00087460, -0.00640869
 0.00087480, -0.00610352
 0.00087500, -0.00640869
 0.00087520, -0.00701904
 0.00087540, -0.00640869
 0.00087560, -0.00396729
 0.00087580, -0.00091553
 0.00087600,  0.00427246
 0.00087620,  0.00762939
 0.00087640,  0.01190186
 0.00087660,  0.01434326
 0.00087680,  0.01495361
 0.00087700,  0.01556396
 0.00087720,  0.01464844
 0.00087740,  0.01373291
 0.00087760,  0.01281738
 0.00087780,  0.01190186
 0.00087800,  0.01220703
 0.00087820,  0.01281738
 0.00087840,  0.01342773
 0.00087860,  0.01312256
 0.00087880,  0.01190186
 0.00087900,  0.01098633
 0.00087920,  0.00915527
 0.00087940,  0.00610352
 0.00087960,  0.00366211
 0.00087980,  0.00061035
 0.00088000, -0.00244141
 0.00088020, -0.00518799
 0.00088040, -0.00732422
 0.00088060, -0.00732422
 0.00088080, -0.00732422
 0.00088100, -0.00579834
 0.00088120, -0.00457764
 0.00088140, -0.00518799
 0.00088160, -0.00518799
 0.00088180, -0.00549316
 0.00088200, -0.00640869
 0.00088220, -0.00762939
 0.00088240, -0.00885010
 0.00088260, -0.01007080
 0.00088280, -0.00976563
 0.00088300, -0.00946045
 0.00088320, -0.00854492
 0.00088340, -0.00793457
 0.00088360, -0.00701904
 0.00088380, -0.00793457
 0.00088400, -0.00946045
 0.00088420, -0.01129150
 0.00088440, -0.01464844
 0.00088460, -0.01617432
 0.00088480, -0.01892090
 0.00088500, -0.02044678
 0.00088520, -0.02075195
 0.00088540, -0.02014160
 0.00088560, -0.01800537
 0.00088580, -0.01708984
 0.00088600, -0.01678467
 0.00088620, -0.01647949
 0.00088640, -0.01831055
 0.00088660, -0.02136230
 0.00088680, -0.02349854
 0.00088700, -0.02746582
 0.00088720, -0.03143311
 0.00088740, -0.03265381
 0.00088760, -0.03234863
 0.00088780, -0.03021240
 0.00088800, -0.02838135
 0.00088820, -0.02655029
 0.00088840, -0.02410889
 0.00088860, -0.02258301
 0.00088880, -0.02197266
 0.00088900, -0.02319336
 0.00088920, -0.02380371
 0.00088940, -0.02380371
 0.00088960, -0.02258301
 0.00088980, -0.02044678
 0.00089000, -0.01739502
 0.00089020, -0.01495361
 0.00089040, -0.01129150
 0.00089060, -0.00885010
 0.00089080, -0.00701904
 0.00089100, -0.00671387
 0.00089120, -0.00671387
 0.00089140, -0.00701904
 0.00089160, -0.00793457
 0.00089180, -0.00793457
 0.00089200, -0.00640869
 0.00089220, -0.00488281
 0.00089240, -0.00274658
 0.00089260, -0.00091553
 0.00089280,  0.00061035
 0.00089300,  0.00183105
 0.00089320,  0.00183105
 0.00089340,  0.00244141
 0.00089360,  0.00152588
 0.00089380,  0.00030518
 0.00089400,  0.00030518
 0.00089420,  0.00122070
 0.00089440,  0.00183105
 0.00089460,  0.00305176
 0.00089480,  0.00518799
 0.00089500,  0.00701904
 0.00089520,  0.00854492
 0.00089540,  0.00976563
 0.00089560,  0.01037598
 0.00089580,  0.01098633
 0.00089600,  0.01129150
 0.00089620,  0.01220703
 0.00089640,  0.01312256
 0.00089660,  0.01373291
 0.00089680,  0.01434326
 0.00089700,  0.01495361
 0.00089720,  0.01556396
 0.00089740,  0.01647949
 0.00089760,  0.01678467
 0.00089780,  0.01831055
 0.00089800,  0.01983643
 0.00089820,  0.02105713
 0.00089840,  0.02166748
 0.00089860,  0.02319336
 0.00089880,  0.02349854
 0.00089900,  0.02380371
 0.00089920,  0.02380371
 0.00089940,  0.02288818
 0.00089960,  0.02136230
 0.00089980,  0.01953125
 0.00090000,  0.01861572
 0.00090020,  0.01770020
 0.00090040,  0.01647949
 0.00090060,  0.01464844
 0.00090080,  0.01342773
 0.00090100,  0.01159668
 0.00090120,  0.01129150
 0.00090140,  0.01098633
 0.00090160,  0.00915527
 0.00090180,  0.00885010
 0.00090200,  0.00762939
 0.00090220,  0.00701904
 0.00090240,  0.00518799
 0.00090260,  0.00335693
 0.00090280,  0.00152588
 0.00090300,  0.00000000
 0.00090320, -0.00122070
 0.00090340, -0.00183105
 0.00090360, -0.00183105
 0.00090380, -0.00183105
 0.00090400, -0.00183105
 0.00090420, -0.00122070
 0.00090440, -0.00122070
 0.00090460, -0.00305176
 0.00090480, -0.00305176
 0.00090500, -0.00305176
 0.00090520, -0.00244141
 0.00090540, -0.00213623
 0.00090560, -0.00183105
 0.00090580, -0.00152588
 0.00090600, -0.00061035
 0.00090620,  0.00061035
 0.00090640,  0.00091553
 0.00090660,  0.00122070
 0.00090680,  0.00030518
 0.00090700, -0.00122070
 0.00090720, -0.00244141
 0.00090740, -0.00366211
 0.00090760, -0.00518799
 0.00090780, -0.00579834
 0.00090800, -0.00610352
 0.00090820, -0.00579834
 0.00090840, -0.00610352
 0.00090860, -0.00549316
 0.00090880, -0.00549316
 0.00090900, -0.00671387
 0.00090920, -0.00671387
 0.00090940, -0.00732422
 0.00090960, -0.00793457
 0.00090980, -0.00762939
 0.00091000, -0.00762939
 0.00091020, -0.00671387
 0.00091040, -0.00518799
 0.00091060, -0.00366211
 0.00091080, -0.00183105
 0.00091100, -0.00030518
 0.00091120,  0.00000000
 0.00091140,  0.00030518
 0.00091160, -0.00152588
 0.00091180, -0.00305176
 0.00091200, -0.00518799
 0.00091220, -0.00549316
 0.00091240, -0.00549316
 0.00091260, -0.00579834
 0.00091280, -0.00488281
 0.00091300, -0.00335693
 0.00091320, -0.00244141
 0.00091340, -0.00183105
 0.00091360, -0.00152588
 0.00091380, -0.00213623
 0.00091400, -0.00305176
 0.00091420, -0.00396729
 0.00091440, -0.00457764
 0.00091460, -0.00396729
 0.00091480, -0.00396729
 0.00091500, -0.00305176
 0.00091520, -0.00213623
 0.00091540, -0.00152588
 0.00091560, -0.00091553
 0.00091580, -0.00030518
 0.00091600, -0.00061035
 0.00091620, -0.00152588
 0.00091640, -0.00244141
 0.00091660, -0.00366211
 0.00091680, -0.00457764
 0.00091700, -0.00549316
 0.00091720, -0.00579834
 0.00091740, -0.00610352
 0.00091760, -0.00762939
 0.00091780, -0.00915527
 0.00091800, -0.01037598
 0.00091820, -0.01159668
 0.00091840, -0.01220703
 0.00091860, -0.01281738
 0.00091880, -0.01220703
 0.00091900, -0.01220703
 0.00091920, -0.01129150
 0.00091940, -0.00946045
 0.00091960, -0.00762939
 0.00091980, -0.00610352
 0.00092000, -0.00366211
 0.00092020, -0.00183105
 0.00092040, -0.00091553
 0.00092060, -0.00030518
 0.00092080, -0.00030518
 0.00092100,  0.00000000
 0.00092120,  0.00030518
 0.00092140, -0.00061035
 0.00092160,  0.00030518
 0.00092180,  0.00152588
 0.00092200,  0.00305176
 0.00092220,  0.00518799
 0.00092240,  0.00610352
 0.00092260,  0.00640869
 0.00092280,  0.00701904
 0.00092300,  0.00610352
 0.00092320,  0.00396729
 0.00092340,  0.00213623
 0.00092360, -0.00091553
 0.00092380, -0.00305176
 0.00092400, -0.00518799
 0.00092420, -0.00610352
 0.00092440, -0.00671387
 0.00092460, -0.00610352
 0.00092480, -0.00549316
 0.00092500, -0.00488281
 0.00092520, -0.00427246
 0.00092540, -0.00457764
 0.00092560, -0.00549316
 0.00092580, -0.00640869
 0.00092600, -0.00762939
 0.00092620, -0.00793457
 0.00092640, -0.00885010
 0.00092660, -0.00793457
 0.00092680, -0.00579834
 0.00092700, -0.00305176
 0.00092720, -0.00122070
 0.00092740,  0.00030518
 0.00092760,  0.00152588
 0.00092780,  0.00183105
 0.00092800,  0.00335693
 0.00092820,  0.00305176
 0.00092840,  0.00305176
 0.00092860,  0.00305176
 0.00092880,  0.00274658
 0.00092900,  0.00366211
 0.00092920,  0.00457764
 0.00092940,  0.00610352
 0.00092960,  0.00823975
 0.00092980,  0.00915527
 0.00093000,  0.00762939
 0.00093020,  0.00732422
 0.00093040,  0.00671387
 0.00093060,  0.00549316
 0.00093080,  0.00305176
 0.00093100,  0.00152588
 0.00093120,  0.00091553
 0.00093140,  0.00000000
 0.00093160,  0.00030518
 0.00093180,  0.00122070
 0.00093200,  0.00213623
 0.00093220,  0.00335693
 0.00093240,  0.00427246
 0.00093260,  0.00488281
 0.00093280,  0.00610352
 0.00093300,  0.00732422
 0.00093320,  0.00946045
 0.00093340,  0.01037598
 0.00093360,  0.01129150
 0.00093380,  0.01281738
 0.00093400,  0.01434326
 0.00093420,  0.01556396
 0.00093440,  0.01678467
 0.00093460,  0.01770020
 0.00093480,  0.01739502
 0.00093500,  0.01647949
 0.00093520,  0.01586914
 0.00093540,  0.01525879
 0.00093560,  0.01556396
 0.00093580,  0.01708984
 0.00093600,  0.01831055
 0.00093620,  0.01922607
 0.00093640,  0.02075195
 0.00093660,  0.02227783
 0.00093680,  0.02166748
 0.00093700,  0.02075195
 0.00093720,  0.01922607
 0.00093740,  0.01708984
 0.00093760,  0.01495361
 0.00093780,  0.01281738
 0.00093800,  0.01190186
 0.00093820,  0.01068115
 0.00093840,  0.01098633
 0.00093860,  0.01037598
 0.00093880,  0.00915527
 0.00093900,  0.00885010
 0.00093920,  0.00762939
 0.00093940,  0.00457764
 0.00093960,  0.00274658
 0.00093980,  0.00061035
 0.00094000, -0.00183105
 0.00094020, -0.00305176
 0.00094040, -0.00335693
 0.00094060, -0.00244141
 0.00094080, -0.00091553
 0.00094100,  0.00152588
 0.00094120,  0.00183105
 0.00094140,  0.00274658
 0.00094160,  0.00335693
 0.00094180,  0.00183105
 0.00094200,  0.00091553
 0.00094220, -0.00061035
 0.00094240, -0.00244141
 0.00094260, -0.00305176
 0.00094280, -0.00274658
 0.00094300, -0.00152588
 0.00094320, -0.00030518
 0.00094340,  0.00000000
 0.00094360, -0.00030518
 0.00094380, -0.00152588
 0.00094400, -0.00335693
 0.00094420, -0.00640869
 0.00094440, -0.00946045
 0.00094460, -0.01159668
 0.00094480, -0.01281738
 0.00094500, -0.01342773
 0.00094520, -0.01373291
 0.00094540, -0.01342773
 0.00094560, -0.01281738
 0.00094580, -0.01342773
 0.00094600, -0.01495361
 0.00094620, -0.01739502
 0.00094640, -0.01861572
 0.00094660, -0.02105713
 0.00094680, -0.01983643
 0.00094700, -0.01953125
 0.00094720, -0.01831055
 0.00094740, -0.01678467
 0.00094760, -0.01525879
 0.00094780, -0.01251221
 0.00094800, -0.01129150
 0.00094820, -0.01007080
 0.00094840, -0.00946045
 0.00094860, -0.00823975
 0.00094880, -0.00732422
 0.00094900, -0.00640869
 0.00094920, -0.00457764
 0.00094940, -0.00213623
 0.00094960, -0.00061035
 0.00094980,  0.00183105
 0.00095000,  0.00213623
 0.00095020,  0.00244141
 0.00095040,  0.00183105
 0.00095060,  0.00000000
 0.00095080, -0.00244141
 0.00095100, -0.00457764
 0.00095120, -0.00640869
 0.00095140, -0.00732422
 0.00095160, -0.00762939
 0.00095180, -0.00701904
 0.00095200, -0.00671387
 0.00095220, -0.00579834
 0.00095240, -0.00671387
 0.00095260, -0.00793457
 0.00095280, -0.00946045
 0.00095300, -0.01007080
 0.00095320, -0.01159668
 0.00095340, -0.01251221
 0.00095360, -0.01373291
 0.00095380, -0.01403809
 0.00095400, -0.01342773
 0.00095420, -0.01373291
 0.00095440, -0.01373291
 0.00095460, -0.01342773
 0.00095480, -0.01525879
 0.00095500, -0.01647949
 0.00095520, -0.01800537
 0.00095540, -0.01831055
 0.00095560, -0.01861572
 0.00095580, -0.01831055
 0.00095600, -0.01586914
 0.00095620, -0.01403809
 0.00095640, -0.01434326
 0.00095660, -0.01281738
 0.00095680, -0.01434326
 0.00095700, -0.01403809
 0.00095720, -0.01525879
 0.00095740, -0.01525879
 0.00095760, -0.01770020
 0.00095780, -0.01617432
 0.00095800, -0.01708984
 0.00095820, -0.01556396
 0.00095840, -0.01495361
 0.00095860, -0.01251221
 0.00095880, -0.01159668
 0.00095900, -0.01220703
 0.00095920, -0.01312256
 0.00095940, -0.01434326
 0.00095960, -0.01647949
 0.00095980, -0.01739502
 0.00096000, -0.01708984
 0.00096020, -0.01770020
 0.00096040, -0.01800537
 0.00096060, -0.01739502
 0.00096080, -0.01525879
 0.00096100, -0.01403809
 0.00096120, -0.01220703
 0.00096140, -0.01068115
 0.00096160, -0.01068115
 0.00096180, -0.00976563
 0.00096200, -0.00946045
 0.00096220, -0.00976563
 0.00096240, -0.00976563
 0.00096260, -0.00946045
 0.00096280, -0.00854492
 0.00096300, -0.00671387
 0.00096320, -0.00518799
 0.00096340, -0.00305176
 0.00096360, -0.00122070
 0.00096380, -0.00030518
 0.00096400,  0.00030518
 0.00096420,  0.00061035
 0.00096440,  0.00000000
 0.00096460, -0.00061035
 0.00096480, -0.00122070
 0.00096500, -0.00183105
 0.00096520, -0.00091553
 0.00096540,  0.00000000
 0.00096560,  0.00122070
 0.00096580,  0.00274658
 0.00096600,  0.00396729
 0.00096620,  0.00457764
 0.00096640,  0.00549316
 0.00096660,  0.00610352
 0.00096680,  0.00518799
 0.00096700,  0.00396729
 0.00096720,  0.00366211
 0.00096740,  0.00366211
 0.00096760,  0.00457764
 0.00096780,  0.00518799
 0.00096800,  0.00640869
 0.00096820,  0.00823975
 0.00096840,  0.00976563
 0.00096860,  0.01129150
 0.00096880,  0.01159668
 0.00096900,  0.01220703
 0.00096920,  0.01251221
 0.00096940,  0.01190186
 0.00096960,  0.01037598
 0.00096980,  0.00946045
 0.00097000,  0.00976563
 0.00097020,  0.01068115
 0.00097040,  0.01098633
 0.00097060,  0.01220703
 0.00097080,  0.01373291
 0.00097100,  0.01495361
 0.00097120,  0.01586914
 0.00097140,  0.01586914
 0.00097160,  0.01556396
 0.00097180,  0.01403809
 0.00097200,  0.01220703
 0.00097220,  0.01037598
 0.00097240,  0.00854492
 0.00097260,  0.00671387
 0.00097280,  0.00549316
 0.00097300,  0.00488281
 0.00097320,  0.00549316
 0.00097340,  0.00518799
 0.00097360,  0.00610352
 0.00097380,  0.00671387
 0.00097400,  0.00610352
 0.00097420,  0.00549316
 0.00097440,  0.00396729
 0.00097460,  0.00213623
 0.00097480,  0.00061035
 0.00097500,  0.00000000
 0.00097520,  0.00030518
 0.00097540,  0.00183105
 0.00097560,  0.00396729
 0.00097580,  0.00671387
 0.00097600,  0.01007080
 0.00097620,  0.01220703
 0.00097640,  0.01342773
 0.00097660,  0.01403809
 0.00097680,  0.01373291
 0.00097700,  0.01190186
 0.00097720,  0.01068115
 0.00097740,  0.01037598
 0.00097760,  0.00915527
 0.00097780,  0.00854492
 0.00097800,  0.00946045
 0.00097820,  0.01007080
 0.00097840,  0.01129150
 0.00097860,  0.01312256
 0.00097880,  0.01434326
 0.00097900,  0.01525879
 0.00097920,  0.01464844
 0.00097940,  0.01342773
 0.00097960,  0.01220703
 0.00097980,  0.01129150
 0.00098000,  0.01098633
 0.00098020,  0.01159668
 0.00098040,  0.01159668
 0.00098060,  0.01312256
 0.00098080,  0.01495361
 0.00098100,  0.01617432
 0.00098120,  0.01708984
 0.00098140,  0.01708984
 0.00098160,  0.01770020
 0.00098180,  0.01708984
 0.00098200,  0.01647949
 0.00098220,  0.01525879
 0.00098240,  0.01434326
 0.00098260,  0.01342773
 0.00098280,  0.01281738
 0.00098300,  0.01342773
 0.00098320,  0.01373291
 0.00098340,  0.01342773
 0.00098360,  0.01220703
 0.00098380,  0.01159668
 0.00098400,  0.01037598
 0.00098420,  0.00854492
 0.00098440,  0.00701904
 0.00098460,  0.00579834
 0.00098480,  0.00518799
 0.00098500,  0.00366211
 0.00098520,  0.00305176
 0.00098540,  0.00274658
 0.00098560,  0.00091553
 0.00098580, -0.00091553
 0.00098600, -0.00305176
 0.00098620, -0.00488281
 0.00098640, -0.00640869
 0.00098660, -0.00762939
 0.00098680, -0.00885010
 0.00098700, -0.00976563
 0.00098720, -0.01098633
 0.00098740, -0.01068115
 0.00098760, -0.00946045
 0.00098780, -0.00946045
 0.00098800, -0.00885010
 0.00098820, -0.00732422
 0.00098840, -0.00732422
 0.00098860, -0.00823975
 0.00098880, -0.00854492
 0.00098900, -0.00885010
 0.00098920, -0.00976563
 0.00098940, -0.01068115
 0.00098960, -0.01098633
 0.00098980, -0.01037598
 0.00099000, -0.00976563
 0.00099020, -0.00915527
 0.00099040, -0.00793457
 0.00099060, -0.00762939
 0.00099080, -0.00671387
 0.00099100, -0.00701904
 0.00099120, -0.00701904
 0.00099140, -0.00885010
 0.00099160, -0.00946045
 0.00099180, -0.00976563
 0.00099200, -0.01068115
 0.00099220, -0.01098633
 0.00099240, -0.01037598
 0.00099260, -0.00946045
 0.00099280, -0.00823975
 0.00099300, -0.00732422
 0.00099320, -0.00640869
 0.00099340, -0.00640869
 0.00099360, -0.00579834
 0.00099380, -0.00549316
 0.00099400, -0.00549316
 0.00099420, -0.00549316
 0.00099440, -0.00640869
 0.00099460, -0.00762939
 0.00099480, -0.00823975
 0.00099500, -0.00793457
 0.00099520, -0.00793457
 0.00099540, -0.00793457
 0.00099560, -0.00732422
 0.00099580, -0.00671387
 0.00099600, -0.00671387
 0.00099620, -0.00671387
 0.00099640, -0.00701904
 0.00099660, -0.00671387
 0.00099680, -0.00762939
 0.00099700, -0.00762939
 0.00099720, -0.00823975
 0.00099740, -0.00732422
 0.00099760, -0.00732422
 0.00099780, -0.00701904
 0.00099800, -0.00671387
 0.00099820, -0.00640869
 0.00099840, -0.00579834
 0.00099860, -0.00518799
 0.00099880, -0.00549316
 0.00099900, -0.00549316
 0.00099920, -0.00579834
 0.00099940, -0.00671387
 0.00099960, -0.00732422
 0.00099980, -0.00701904
 0.00100000, -0.00701904
 0.00100020, -0.00701904
 0.00100040, -0.00671387
 0.00100060, -0.00610352
 0.00100080, -0.00671387
 0.00100100, -0.00701904
 0.00100120, -0.00732422
 0.00100140, -0.00854492
 0.00100160, -0.00885010
 0.00100180, -0.00854492
 0.00100200, -0.00701904
 0.00100220, -0.00579834
 0.00100240, -0.00457764
 0.00100260, -0.00305176
 0.00100280, -0.00183105
 0.00100300, -0.00213623
 0.00100320, -0.00366211
 0.00100340, -0.00579834
 0.00100360, -0.00762939
 0.00100380, -0.00915527
 0.00100400, -0.01007080
 0.00100420, -0.00885010
 0.00100440, -0.00640869
 0.00100460, -0.00457764
 0.00100480, -0.00152588
 0.00100500, -0.00030518
 0.00100520,  0.00122070
 0.00100540,  0.00091553
 0.00100560,  0.00000000
 0.00100580, -0.00152588
 0.00100600, -0.00335693
 0.00100620, -0.00396729
 0.00100640, -0.00335693
 0.00100660, -0.00213623
 0.00100680, -0.00061035
 0.00100700,  0.00183105
 0.00100720,  0.00335693
 0.00100740,  0.00427246
 0.00100760,  0.00457764
 0.00100780,  0.00366211
 0.00100800,  0.00305176
 0.00100820,  0.00213623
 0.00100840,  0.00091553
 0.00100860,  0.00122070
 0.00100880,  0.00183105
 0.00100900,  0.00335693
 0.00100920,  0.00518799
 0.00100940,  0.00640869
 0.00100960,  0.00640869
 0.00100980,  0.00610352
 0.00101000,  0.00457764
 0.00101020,  0.00274658
 0.00101040, -0.00030518
 0.00101060, -0.00213623
 0.00101080, -0.00427246
 0.00101100, -0.00427246
 0.00101120, -0.00305176
 0.00101140, -0.00213623
 0.00101160, -0.00061035
 0.00101180,  0.00122070
 0.00101200,  0.00274658
 0.00101220,  0.00183105
 0.00101240,  0.00091553
 0.00101260, -0.00061035
 0.00101280, -0.00213623
 0.00101300, -0.00427246
 0.00101320, -0.00518799
 0.00101340, -0.00549316
 0.00101360, -0.00518799
 0.00101380, -0.00457764
 0.00101400, -0.00396729
 0.00101420, -0.00244141
 0.00101440, -0.00213623
 0.00101460, -0.00244141
 0.00101480, -0.00244141
 0.00101500, -0.00335693
 0.00101520, -0.00488281
 0.00101540, -0.00488281
 0.00101560, -0.00488281
 0.00101580, -0.00427246
 0.00101600, -0.00457764
 0.00101620, -0.00427246
 0.00101640, -0.00366211
 0.00101660, -0.00274658
 0.00101680, -0.00305176
 0.00101700, -0.00396729
 0.00101720, -0.00427246
 0.00101740, -0.00366211
 0.00101760, -0.00396729
 0.00101780, -0.00396729
 0.00101800, -0.00244141
 0.00101820, -0.00244141
 0.00101840,  0.00030518
 0.00101860,  0.00213623
 0.00101880,  0.00366211
 0.00101900,  0.00427246
 0.00101920,  0.00488281
 0.00101940,  0.00457764
 0.00101960,  0.00305176
 0.00101980,  0.00122070
 0.00102000,  0.00030518
 0.00102020, -0.00030518
 0.00102040, -0.00091553
 0.00102060, -0.00061035
 0.00102080,  0.00030518
 0.00102100,  0.00183105
 0.00102120,  0.00305176
 0.00102140,  0.00366211
 0.00102160,  0.00427246
 0.00102180,  0.00366211
 0.00102200,  0.00274658
 0.00102220,  0.00152588
 0.00102240,  0.00030518
 0.00102260,  0.00030518
 0.00102280,  0.00122070
 0.00102300,  0.00152588
 0.00102320,  0.00244141
 0.00102340,  0.00274658
 0.00102360,  0.00305176
 0.00102380,  0.00366211
 0.00102400,  0.00183105
 0.00102420, -0.00030518
 0.00102440, -0.00122070
 0.00102460, -0.00305176
 0.00102480, -0.00396729
 0.00102500, -0.00518799
 0.00102520, -0.00610352
 0.00102540, -0.00732422
 0.00102560, -0.00915527
 0.00102580, -0.00915527
 0.00102600, -0.01068115
 0.00102620, -0.01281738
 0.00102640, -0.01373291
 0.00102660, -0.01251221
 0.00102680, -0.01281738
 0.00102700, -0.01159668
 0.00102720, -0.01037598
 0.00102740, -0.00885010
 0.00102760, -0.00732422
 0.00102780, -0.00640869
 0.00102800, -0.00549316
 0.00102820, -0.00549316
 0.00102840, -0.00549316
 0.00102860, -0.00610352
 0.00102880, -0.00549316
 0.00102900, -0.00549316
 0.00102920, -0.00488281
 0.00102940, -0.00335693
 0.00102960, -0.00274658
 0.00102980, -0.00213623
 0.00103000, -0.00305176
 0.00103020, -0.00335693
 0.00103040, -0.00457764
 0.00103060, -0.00579834
 0.00103080, -0.00732422
 0.00103100, -0.00854492
 0.00103120, -0.00976563
 0.00103140, -0.01007080
 0.00103160, -0.00976563
 0.00103180, -0.00915527
 0.00103200, -0.00854492
 0.00103220, -0.00762939
 0.00103240, -0.00701904
 0.00103260, -0.00732422
 0.00103280, -0.00610352
 0.00103300, -0.00640869
 0.00103320, -0.00549316
 0.00103340, -0.00457764
 0.00103360, -0.00396729
 0.00103380, -0.00183105
 0.00103400, -0.00030518
 0.00103420,  0.00335693
 0.00103440,  0.00549316
 0.00103460,  0.00854492
 0.00103480,  0.01068115
 0.00103500,  0.01251221
 0.00103520,  0.01434326
 0.00103540,  0.01556396
 0.00103560,  0.01586914
 0.00103580,  0.01556396
 0.00103600,  0.01556396
 0.00103620,  0.01525879
 0.00103640,  0.01434326
 0.00103660,  0.01342773
 0.00103680,  0.01312256
 0.00103700,  0.01281738
 0.00103720,  0.01190186
 0.00103740,  0.01098633
 0.00103760,  0.01068115
 0.00103780,  0.00976563
 0.00103800,  0.00915527
 0.00103820,  0.00823975
 0.00103840,  0.00610352
 0.00103860,  0.00427246
 0.00103880,  0.00274658
 0.00103900,  0.00091553
 0.00103920, -0.00061035
 0.00103940, -0.00152588
 0.00103960, -0.00091553
 0.00103980, -0.00091553
 0.00104000, -0.00030518
 0.00104020,  0.00030518
 0.00104040,  0.00030518
 0.00104060,  0.00000000
 0.00104080, -0.00030518
 0.00104100, -0.00091553
 0.00104120, -0.00091553
 0.00104140, -0.00030518
 0.00104160,  0.00000000
 0.00104180,  0.00213623
 0.00104200,  0.00457764
 0.00104220,  0.00640869
 0.00104240,  0.00793457
 0.00104260,  0.00885010
 0.00104280,  0.00793457
 0.00104300,  0.00610352
 0.00104320,  0.00427246
 0.00104340,  0.00183105
 0.00104360, -0.00061035
 0.00104380, -0.00183105
 0.00104400, -0.00305176
 0.00104420, -0.00366211
 0.00104440, -0.00396729
 0.00104460, -0.00335693
 0.00104480, -0.00305176
 0.00104500, -0.00335693
 0.00104520, -0.00366211
 0.00104540, -0.00335693
 0.00104560, -0.00427246
 0.00104580, -0.00579834
 0.00104600, -0.00610352
 0.00104620, -0.00671387
 0.00104640, -0.00701904
 0.00104660, -0.00549316
 0.00104680, -0.00488281
 0.00104700, -0.00396729
 0.00104720, -0.00335693
 0.00104740, -0.00152588
 0.00104760,  0.00061035
 0.00104780,  0.00213623
 0.00104800,  0.00457764
 0.00104820,  0.00671387
 0.00104840,  0.00946045
 0.00104860,  0.01190186
 0.00104880,  0.01312256
 0.00104900,  0.01373291
 0.00104920,  0.01373291
 0.00104940,  0.01342773
 0.00104960,  0.01434326
 0.00104980,  0.01464844
 0.00105000,  0.01434326
 0.00105020,  0.01434326
 0.00105040,  0.01495361
 0.00105060,  0.01464844
 0.00105080,  0.01434326
 0.00105100,  0.01342773
 0.00105120,  0.01312256
 0.00105140,  0.01159668
 0.00105160,  0.01037598
 0.00105180,  0.00946045
 0.00105200,  0.00793457
 0.00105220,  0.00671387
 0.00105240,  0.00518799
 0.00105260,  0.00457764
 0.00105280,  0.00335693
 0.00105300,  0.00122070
 0.00105320,  0.00030518
 0.00105340, -0.00152588
 0.00105360, -0.00305176
 0.00105380, -0.00457764
 0.00105400, -0.00549316
 0.00105420, -0.00671387
 0.00105440, -0.00671387
 0.00105460, -0.00640869
 0.00105480, -0.00549316
 0.00105500, -0.00427246
 0.00105520, -0.00274658
 0.00105540, -0.00061035
 0.00105560,  0.00091553
 0.00105580,  0.00274658
 0.00105600,  0.00457764
 0.00105620,  0.00640869
 0.00105640,  0.00732422
 0.00105660,  0.00762939
 0.00105680,  0.00915527
 0.00105700,  0.00885010
 0.00105720,  0.00823975
 0.00105740,  0.00762939
 0.00105760,  0.00640869
 0.00105780,  0.00488281
 0.00105800,  0.00427246
 0.00105820,  0.00244141
 0.00105840,  0.00122070
 0.00105860,  0.00030518
 0.00105880, -0.00091553
 0.00105900, -0.00152588
 0.00105920, -0.00152588
 0.00105940, -0.00213623
 0.00105960, -0.00335693
 0.00105980, -0.00427246
 0.00106000, -0.00457764
 0.00106020, -0.00579834
 0.00106040, -0.00579834
 0.00106060, -0.00549316
 0.00106080, -0.00427246
 0.00106100, -0.00396729
 0.00106120, -0.00213623
 0.00106140, -0.00091553
 0.00106160,  0.00030518
 0.00106180,  0.00122070
 0.00106200,  0.00152588
 0.00106220,  0.00213623
 0.00106240,  0.00122070
 0.00106260, -0.00030518
 0.00106280, -0.00122070
 0.00106300, -0.00213623
 0.00106320, -0.00274658
 0.00106340, -0.00244141
 0.00106360, -0.00122070
 0.00106380, -0.00030518
 0.00106400,  0.00030518
 0.00106420,  0.00061035
 0.00106440, -0.00030518
 0.00106460, -0.00244141
 0.00106480, -0.00427246
 0.00106500, -0.00793457
 0.00106520, -0.01068115
 0.00106540, -0.01373291
 0.00106560, -0.01434326
 0.00106580, -0.01647949
 0.00106600, -0.01495361
 0.00106620, -0.01617432
 0.00106640, -0.01495361
 0.00106660, -0.01617432
 0.00106680, -0.01678467
 0.00106700, -0.01953125
 0.00106720, -0.02105713
 0.00106740, -0.02166748
 0.00106760, -0.02166748
 0.00106780, -0.02105713
 0.00106800, -0.02014160
 0.00106820, -0.01983643
 0.00106840, -0.01892090
 0.00106860, -0.01892090
 0.00106880, -0.01831055
 0.00106900, -0.01922607
 0.00106920, -0.01953125
 0.00106940, -0.02014160
 0.00106960, -0.02105713
 0.00106980, -0.02044678
 0.00107000, -0.01892090
 0.00107020, -0.01708984
 0.00107040, -0.01464844
 0.00107060, -0.01373291
 0.00107080, -0.01373291
 0.00107100, -0.01525879
 0.00107120, -0.01647949
 0.00107140, -0.01708984
 0.00107160, -0.01861572
 0.00107180, -0.02044678
 0.00107200, -0.02105713
 0.00107220, -0.02075195
 0.00107240, -0.01953125
 0.00107260, -0.01892090
 0.00107280, -0.01770020
 0.00107300, -0.01739502
 0.00107320, -0.01831055
 0.00107340, -0.01800537
 0.00107360, -0.01892090
 0.00107380, -0.02014160
 0.00107400, -0.02105713
 0.00107420, -0.02136230
 0.00107440, -0.02014160
 0.00107460, -0.01922607
 0.00107480, -0.01678467
 0.00107500, -0.01434326
 0.00107520, -0.01190186
 0.00107540, -0.01007080
 0.00107560, -0.00854492
 0.00107580, -0.00732422
 0.00107600, -0.00549316
 0.00107620, -0.00457764
 0.00107640, -0.00396729
 0.00107660, -0.00213623
 0.00107680, -0.00030518
 0.00107700,  0.00152588
 0.00107720,  0.00335693
 0.00107740,  0.00396729
 0.00107760,  0.00518799
 0.00107780,  0.00701904
 0.00107800,  0.00823975
 0.00107820,  0.00946045
 0.00107840,  0.01068115
 0.00107860,  0.01159668
 0.00107880,  0.01220703
 0.00107900,  0.01251221
 0.00107920,  0.01281738
 0.00107940,  0.01159668
 0.00107960,  0.01159668
 0.00107980,  0.01068115
 0.00108000,  0.00976563
 0.00108020,  0.00976563
 0.00108040,  0.01007080
 0.00108060,  0.01098633
 0.00108080,  0.01312256
 0.00108100,  0.01373291
 0.00108120,  0.01434326
 0.00108140,  0.01495361
 0.00108160,  0.01525879
 0.00108180,  0.01434326
 0.00108200,  0.01403809
 0.00108220,  0.01342773
 0.00108240,  0.01373291
 0.00108260,  0.01464844
 0.00108280,  0.01495361
 0.00108300,  0.01556396
 0.00108320,  0.01647949
 0.00108340,  0.01708984
 0.00108360,  0.01647949
 0.00108380,  0.01617432
 0.00108400,  0.01647949
 0.00108420,  0.01525879
 0.00108440,  0.01556396
 0.00108460,  0.01525879
 0.00108480,  0.01617432
 0.00108500,  0.01586914
 0.00108520,  0.01678467
 0.00108540,  0.01617432
 0.00108560,  0.01403809
 0.00108580,  0.01159668
 0.00108600,  0.00885010
 0.00108620,  0.00701904
 0.00108640,  0.00549316
 0.00108660,  0.00427246
 0.00108680,  0.00366211
 0.00108700,  0.00305176
 0.00108720,  0.00366211
 0.00108740,  0.00457764
 0.00108760,  0.00457764
 0.00108780,  0.00549316
 0.00108800,  0.00518799
 0.00108820,  0.00549316
 0.00108840,  0.00579834
 0.00108860,  0.00518799
 0.00108880,  0.00579834
 0.00108900,  0.00610352
 0.00108920,  0.00579834
 0.00108940,  0.00671387
 0.00108960,  0.00640869
 0.00108980,  0.00610352
 0.00109000,  0.00549316
 0.00109020,  0.00549316
 0.00109040,  0.00610352
 0.00109060,  0.00640869
 0.00109080,  0.00854492
 0.00109100,  0.00915527
 0.00109120,  0.00915527
 0.00109140,  0.00976563
 0.00109160,  0.01037598
 0.00109180,  0.00915527
 0.00109200,  0.00762939
 0.00109220,  0.00610352
 0.00109240,  0.00396729
 0.00109260,  0.00213623
 0.00109280,  0.00030518
 0.00109300, -0.00061035
 0.00109320, -0.00122070
 0.00109340, -0.00213623
 0.00109360, -0.00457764
 0.00109380, -0.00610352
 0.00109400, -0.00671387
 0.00109420, -0.00732422
 0.00109440, -0.00823975
 0.00109460, -0.01007080
 0.00109480, -0.01098633
 0.00109500, -0.01159668
 0.00109520, -0.01251221
 0.00109540, -0.01373291
 0.00109560, -0.01434326
 0.00109580, -0.01495361
 0.00109600, -0.01403809
 0.00109620, -0.01495361
 0.00109640, -0.01495361
 0.00109660, -0.01312256
 0.00109680, -0.01220703
 0.00109700, -0.01129150
 0.00109720, -0.01129150
 0.00109740, -0.01129150
 0.00109760, -0.01068115
 0.00109780, -0.01007080
 0.00109800, -0.01007080
 0.00109820, -0.00915527
 0.00109840, -0.00915527
 0.00109860, -0.00823975
 0.00109880, -0.00762939
 0.00109900, -0.00732422
 0.00109920, -0.00610352
 0.00109940, -0.00518799
 0.00109960, -0.00518799
 0.00109980, -0.00488281
 0.00110000, -0.00427246
 0.00110020, -0.00366211
 0.00110040, -0.00274658
 0.00110060, -0.00152588
 0.00110080, -0.00183105
 0.00110100, -0.00183105
 0.00110120, -0.00213623
 0.00110140, -0.00335693
 0.00110160, -0.00366211
 0.00110180, -0.00366211
 0.00110200, -0.00305176
 0.00110220, -0.00183105
 0.00110240, -0.00030518
 0.00110260,  0.00091553
 0.00110280,  0.00305176
 0.00110300,  0.00457764
 0.00110320,  0.00549316
 0.00110340,  0.00610352
 0.00110360,  0.00671387
 0.00110380,  0.00732422
 0.00110400,  0.00732422
 0.00110420,  0.00762939
 0.00110440,  0.00793457
 0.00110460,  0.00793457
 0.00110480,  0.00976563
 0.00110500,  0.01129150
 0.00110520,  0.01190186
 0.00110540,  0.01251221
 0.00110560,  0.01342773
 0.00110580,  0.01312256
 0.00110600,  0.01251221
 0.00110620,  0.01251221
 0.00110640,  0.01190186
 0.00110660,  0.01129150
 0.00110680,  0.01098633
 0.00110700,  0.01007080
 0.00110720,  0.00885010
 0.00110740,  0.00885010
 0.00110760,  0.00793457
 0.00110780,  0.00793457
 0.00110800,  0.00823975
 0.00110820,  0.00854492
 0.00110840,  0.00854492
 0.00110860,  0.00854492
 0.00110880,  0.00946045
 0.00110900,  0.01037598
 0.00110920,  0.00976563
 0.00110940,  0.00946045
 0.00110960,  0.00946045
 0.00110980,  0.00976563
 0.00111000,  0.00946045
 0.00111020,  0.00946045
 0.00111040,  0.00915527
 0.00111060,  0.00793457
 0.00111080,  0.00610352
 0.00111100,  0.00518799
 0.00111120,  0.00518799
 0.00111140,  0.00610352
 0.00111160,  0.00610352
 0.00111180,  0.00732422
 0.00111200,  0.00854492
 0.00111220,  0.00915527
 0.00111240,  0.00976563
 0.00111260,  0.00946045
 0.00111280,  0.00854492
 0.00111300,  0.00793457
 0.00111320,  0.00640869
 0.00111340,  0.00549316
 0.00111360,  0.00427246
 0.00111380,  0.00427246
 0.00111400,  0.00366211
 0.00111420,  0.00335693
 0.00111440,  0.00152588
 0.00111460, -0.00061035
 0.00111480, -0.00335693
 0.00111500, -0.00671387
 0.00111520, -0.00946045
 0.00111540, -0.01312256
 0.00111560, -0.01556396
 0.00111580, -0.01678467
 0.00111600, -0.01586914
 0.00111620, -0.01647949
 0.00111640, -0.01678467
 0.00111660, -0.01617432
 0.00111680, -0.01770020
 0.00111700, -0.01953125
 0.00111720, -0.02105713
 0.00111740, -0.02471924
 0.00111760, -0.02716064
 0.00111780, -0.02868652
 0.00111800, -0.02960205
 0.00111820, -0.02899170
 0.00111840, -0.02777100
 0.00111860, -0.02532959
 0.00111880, -0.02288818
 0.00111900, -0.02227783
 0.00111920, -0.02197266
 0.00111940, -0.02197266
 0.00111960, -0.02258301
 0.00111980, -0.02288818
 0.00112000, -0.02197266
 0.00112020, -0.02075195
 0.00112040, -0.01953125
 0.00112060, -0.01770020
 0.00112080, -0.01495361
 0.00112100, -0.01373291
 0.00112120, -0.01190186
 0.00112140, -0.01098633
 0.00112160, -0.01129150
 0.00112180, -0.01190186
 0.00112200, -0.01251221
 0.00112220, -0.01312256
 0.00112240, -0.01220703
 0.00112260, -0.01098633
 0.00112280, -0.01007080
 0.00112300, -0.00732422
 0.00112320, -0.00518799
 0.00112340, -0.00335693
 0.00112360, -0.00335693
 0.00112380, -0.00366211
 0.00112400, -0.00427246
 0.00112420, -0.00610352
 0.00112440, -0.00671387
 0.00112460, -0.00640869
 0.00112480, -0.00518799
 0.00112500, -0.00244141
 0.00112520,  0.00000000
 0.00112540,  0.00244141
 0.00112560,  0.00488281
 0.00112580,  0.00640869
 0.00112600,  0.00671387
 0.00112620,  0.00579834
 0.00112640,  0.00457764
 0.00112660,  0.00457764
 0.00112680,  0.00488281
 0.00112700,  0.00671387
 0.00112720,  0.01037598
 0.00112740,  0.01495361
 0.00112760,  0.01861572
 0.00112780,  0.02105713
 0.00112800,  0.02288818
 0.00112820,  0.02197266
 0.00112840,  0.02075195
 0.00112860,  0.01922607
 0.00112880,  0.01708984
 0.00112900,  0.01586914
 0.00112920,  0.01586914
 0.00112940,  0.01800537
 0.00112960,  0.01953125
 0.00112980,  0.02166748
 0.00113000,  0.02319336
 0.00113020,  0.02471924
 0.00113040,  0.02471924
 0.00113060,  0.02319336
 0.00113080,  0.02136230
 0.00113100,  0.01892090
 0.00113120,  0.01831055
 0.00113140,  0.01647949
 0.00113160,  0.01525879
 0.00113180,  0.01525879
 0.00113200,  0.01586914
 0.00113220,  0.01647949
 0.00113240,  0.01556396
 0.00113260,  0.01373291
 0.00113280,  0.01403809
 0.00113300,  0.01281738
 0.00113320,  0.01159668
 0.00113340,  0.01068115
 0.00113360,  0.00976563
 0.00113380,  0.01007080
 0.00113400,  0.01098633
 0.00113420,  0.01220703
 0.00113440,  0.01312256
 0.00113460,  0.01312256
 0.00113480,  0.01220703
 0.00113500,  0.01068115
 0.00113520,  0.00915527
 0.00113540,  0.00640869
 0.00113560,  0.00549316
 0.00113580,  0.00366211
 0.00113600,  0.00274658
 0.00113620,  0.00213623
 0.00113640,  0.00183105
 0.00113660,  0.00152588
 0.00113680,  0.00030518
 0.00113700, -0.00183105
 0.00113720, -0.00427246
 0.00113740, -0.00762939
 0.00113760, -0.01037598
 0.00113780, -0.01342773
 0.00113800, -0.01556396
 0.00113820, -0.01708984
 0.00113840, -0.01831055
 0.00113860, -0.01922607
 0.00113880, -0.02105713
 0.00113900, -0.02288818
 0.00113920, -0.02532959
 0.00113940, -0.02746582
 0.00113960, -0.02960205
 0.00113980, -0.02990723
 0.00114000, -0.03051758
 0.00114020, -0.03112793
 0.00114040, -0.03173828
 0.00114060, -0.03173828
 0.00114080, -0.03295898
 0.00114100, -0.03387451
 0.00114120, -0.03540039
 0.00114140, -0.03662109
 0.00114160, -0.03753662
 0.00114180, -0.03723145
 0.00114200, -0.03662109
 0.00114220, -0.03631592
 0.00114240, -0.03570557
 0.00114260, -0.03509521
 0.00114280, -0.03479004
 0.00114300, -0.03509521
 0.00114320, -0.03540039
 0.00114340, -0.03601074
 0.00114360, -0.03662109
 0.00114380, -0.03631592
 0.00114400, -0.03479004
 0.00114420, -0.03295898
 0.00114440, -0.03173828
 0.00114460, -0.03021240
 0.00114480, -0.02929688
 0.00114500, -0.02899170
 0.00114520, -0.02929688
 0.00114540, -0.03021240
 0.00114560, -0.03082275
 0.00114580, -0.03112793
 0.00114600, -0.03051758
 0.00114620, -0.02899170
 0.00114640, -0.02655029
 0.00114660, -0.02441406
 0.00114680, -0.02166748
 0.00114700, -0.02105713
 0.00114720, -0.02044678
 0.00114740, -0.01983643
 0.00114760, -0.02136230
 0.00114780, -0.01983643
 0.00114800, -0.01831055
 0.00114820, -0.01525879
 0.00114840, -0.01312256
 0.00114860, -0.00915527
 0.00114880, -0.00488281
 0.00114900, -0.00061035
 0.00114920,  0.00274658
 0.00114940,  0.00488281
 0.00114960,  0.00518799
 0.00114980,  0.00518799
 0.00115000,  0.00518799
 0.00115020,  0.00579834
 0.00115040,  0.00701904
 0.00115060,  0.00885010
 0.00115080,  0.01098633
 0.00115100,  0.01464844
 0.00115120,  0.01800537
 0.00115140,  0.01953125
 0.00115160,  0.01983643
 0.00115180,  0.01983643
 0.00115200,  0.01892090
 0.00115220,  0.01678467
 0.00115240,  0.01525879
 0.00115260,  0.01434326
 0.00115280,  0.01434326
 0.00115300,  0.01495361
 0.00115320,  0.01556396
 0.00115340,  0.01647949
 0.00115360,  0.01770020
 0.00115380,  0.01739502
 0.00115400,  0.01708984
 0.00115420,  0.01617432
 0.00115440,  0.01525879
 0.00115460,  0.01525879
 0.00115480,  0.01647949
 0.00115500,  0.01770020
 0.00115520,  0.01983643
 0.00115540,  0.02227783
 0.00115560,  0.02502441
 0.00115580,  0.02685547
 0.00115600,  0.02899170
 0.00115620,  0.02868652
 0.00115640,  0.02838135
 0.00115660,  0.02746582
 0.00115680,  0.02746582
 0.00115700,  0.02716064
 0.00115720,  0.02685547
 0.00115740,  0.02716064
 0.00115760,  0.02746582
 0.00115780,  0.02716064
 0.00115800,  0.02716064
 0.00115820,  0.02685547
 0.00115840,  0.02502441
 0.00115860,  0.02471924
 0.00115880,  0.02288818
 0.00115900,  0.02258301
 0.00115920,  0.02166748
 0.00115940,  0.02105713
 0.00115960,  0.01983643
 0.00115980,  0.01922607
 0.00116000,  0.01831055
 0.00116020,  0.01800537
 0.00116040,  0.01739502
 0.00116060,  0.01678467
 0.00116080,  0.01617432
 0.00116100,  0.01586914
 0.00116120,  0.01556396
 0.00116140,  0.01434326
 0.00116160,  0.01342773
 0.00116180,  0.01312256
 0.00116200,  0.01251221
 0.00116220,  0.01220703
 0.00116240,  0.01129150
 0.00116260,  0.01129150
 0.00116280,  0.01190186
 0.00116300,  0.01281738
 0.00116320,  0.01464844
 0.00116340,  0.01586914
 0.00116360,  0.01464844
 0.00116380,  0.01434326
 0.00116400,  0.01251221
 0.00116420,  0.01037598
 0.00116440,  0.00762939
 0.00116460,  0.00549316
 0.00116480,  0.00488281
 0.00116500,  0.00518799
 0.00116520,  0.00579834
 0.00116540,  0.00610352
 0.00116560,  0.00701904
 0.00116580,  0.00640869
 0.00116600,  0.00518799
 0.00116620,  0.00366211
 0.00116640,  0.00152588
 0.00116660, -0.00152588
 0.00116680, -0.00335693
 0.00116700, -0.00427246
 0.00116720, -0.00457764
 0.00116740, -0.00427246
 0.00116760, -0.00366211
 0.00116780, -0.00366211
 0.00116800, -0.00457764
 0.00116820, -0.00610352
 0.00116840, -0.00823975
 0.00116860, -0.01007080
 0.00116880, -0.01159668
 0.00116900, -0.01220703
 0.00116920, -0.01190186
 0.00116940, -0.01129150
 0.00116960, -0.00976563
 0.00116980, -0.00762939
 0.00117000, -0.00549316
 0.00117020, -0.00457764
 0.00117040, -0.00366211
 0.00117060, -0.00457764
 0.00117080, -0.00518799
 0.00117100, -0.00701904
 0.00117120, -0.00732422
 0.00117140, -0.00732422
 0.00117160, -0.00701904
 0.00117180, -0.00671387
 0.00117200, -0.00640869
 0.00117220, -0.00549316
 0.00117240, -0.00488281
 0.00117260, -0.00427246
 0.00117280, -0.00488281
 0.00117300, -0.00640869
 0.00117320, -0.00671387
 0.00117340, -0.00762939
 0.00117360, -0.00823975
 0.00117380, -0.00823975
 0.00117400, -0.00793457
 0.00117420, -0.00671387
 0.00117440, -0.00640869
 0.00117460, -0.00640869
 0.00117480, -0.00732422
 0.00117500, -0.00762939
 0.00117520, -0.00885010
 0.00117540, -0.00885010
 0.00117560, -0.00915527
 0.00117580, -0.00915527
 0.00117600, -0.00732422
 0.00117620, -0.00396729
 0.00117640, -0.00091553
 0.00117660,  0.00213623
 0.00117680,  0.00335693
 0.00117700,  0.00396729
 0.00117720,  0.00335693
 0.00117740,  0.00335693
 0.00117760,  0.00213623
 0.00117780,  0.00122070
 0.00117800,  0.00122070
 0.00117820,  0.00274658
 0.00117840,  0.00518799
 0.00117860,  0.00732422
 0.00117880,  0.00915527
 0.00117900,  0.01037598
 0.00117920,  0.01068115
 0.00117940,  0.00976563
 0.00117960,  0.00854492
 0.00117980,  0.00762939
 0.00118000,  0.00671387
 0.00118020,  0.00640869
 0.00118040,  0.00701904
 0.00118060,  0.00823975
 0.00118080,  0.01007080
 0.00118100,  0.01129150
 0.00118120,  0.01190186
 0.00118140,  0.01251221
 0.00118160,  0.01190186
 0.00118180,  0.01037598
 0.00118200,  0.00946045
 0.00118220,  0.00823975
 0.00118240,  0.00762939
 0.00118260,  0.00701904
 0.00118280,  0.00762939
 0.00118300,  0.00762939
 0.00118320,  0.00732422
 0.00118340,  0.00640869
 0.00118360,  0.00518799
 0.00118380,  0.00427246
 0.00118400,  0.00335693
 0.00118420,  0.00274658
 0.00118440,  0.00274658
 0.00118460,  0.00427246
 0.00118480,  0.00579834
 0.00118500,  0.00793457
 0.00118520,  0.01007080
 0.00118540,  0.01129150
 0.00118560,  0.01129150
 0.00118580,  0.01098633
 0.00118600,  0.01037598
 0.00118620,  0.00854492
 0.00118640,  0.00701904
 0.00118660,  0.00610352
 0.00118680,  0.00579834
 0.00118700,  0.00610352
 0.00118720,  0.00579834
 0.00118740,  0.00610352
 0.00118760,  0.00549316
 0.00118780,  0.00427246
 0.00118800,  0.00274658
 0.00118820,  0.00061035
 0.00118840, -0.00061035
 0.00118860, -0.00152588
 0.00118880, -0.00122070
 0.00118900, -0.00152588
 0.00118920, -0.00213623
 0.00118940, -0.00274658
 0.00118960, -0.00366211
 0.00118980, -0.00488281
 0.00119000, -0.00640869
 0.00119020, -0.00854492
 0.00119040, -0.00976563
 0.00119060, -0.01007080
 0.00119080, -0.00976563
 0.00119100, -0.00915527
 0.00119120, -0.00793457
 0.00119140, -0.00762939
 0.00119160, -0.00701904
 0.00119180, -0.00762939
 0.00119200, -0.00732422
 0.00119220, -0.00823975
 0.00119240, -0.00885010
 0.00119260, -0.00915527
 0.00119280, -0.00885010
 0.00119300, -0.00793457
 0.00119320, -0.00640869
 0.00119340, -0.00579834
 0.00119360, -0.00396729
 0.00119380, -0.00274658
 0.00119400, -0.00396729
 0.00119420, -0.00457764
 0.00119440, -0.00518799
 0.00119460, -0.00671387
 0.00119480, -0.00640869
 0.00119500, -0.00610352
 0.00119520, -0.00671387
 0.00119540, -0.00610352
 0.00119560, -0.00640869
 0.00119580, -0.00701904
 0.00119600, -0.00885010
 0.00119620, -0.01068115
 0.00119640, -0.01312256
 0.00119660, -0.01556396
 0.00119680, -0.01708984
 0.00119700, -0.01678467
 0.00119720, -0.01678467
 0.00119740, -0.01739502
 0.00119760, -0.01556396
 0.00119780, -0.01586914
 0.00119800, -0.01556396
 0.00119820, -0.01525879
 0.00119840, -0.01495361
 0.00119860, -0.01678467
 0.00119880, -0.01647949
 0.00119900, -0.01708984
 0.00119920, -0.01586914
 0.00119940, -0.01434326
 0.00119960, -0.01373291
 0.00119980, -0.01190186
 0.00120000, -0.00885010
 0.00120020, -0.00823975
 0.00120040, -0.00762939
 0.00120060, -0.00732422
 0.00120080, -0.00823975
 0.00120100, -0.00854492
 0.00120120, -0.00915527
 0.00120140, -0.00854492
 0.00120160, -0.00823975
 0.00120180, -0.00793457
 0.00120200, -0.00854492
 0.00120220, -0.00915527
 0.00120240, -0.00915527
 0.00120260, -0.01007080
 0.00120280, -0.01068115
 0.00120300, -0.01159668
 0.00120320, -0.01281738
 0.00120340, -0.01312256
 0.00120360, -0.01098633
 0.00120380, -0.01129150
 0.00120400, -0.01159668
 0.00120420, -0.01037598
 0.00120440, -0.01190186
 0.00120460, -0.01251221
 0.00120480, -0.01495361
 0.00120500, -0.01556396
 0.00120520, -0.01617432
 0.00120540, -0.01586914
 0.00120560, -0.01464844
 0.00120580, -0.01403809
 0.00120600, -0.01281738
 0.00120620, -0.01251221
 0.00120640, -0.01190186
 0.00120660, -0.01190186
 0.00120680, -0.01220703
 0.00120700, -0.01281738
 0.00120720, -0.01190186
 0.00120740, -0.01129150
 0.00120760, -0.01007080
 0.00120780, -0.00823975
 0.00120800, -0.00640869
 0.00120820, -0.00457764
 0.00120840, -0.00396729
 0.00120860, -0.00427246
 0.00120880, -0.00518799
 0.00120900, -0.00701904
 0.00120920, -0.00885010
 0.00120940, -0.00885010
 0.00120960, -0.01007080
 0.00120980, -0.00946045
 0.00121000, -0.00946045
 0.00121020, -0.00915527
 0.00121040, -0.00885010
 0.00121060, -0.01037598
 0.00121080, -0.01190186
 0.00121100, -0.01251221
 0.00121120, -0.01556396
 0.00121140, -0.01586914
 0.00121160, -0.01708984
 0.00121180, -0.01800537
 0.00121200, -0.01617432
 0.00121220, -0.01586914
 0.00121240, -0.01342773
 0.00121260, -0.01129150
 0.00121280, -0.01098633
 0.00121300, -0.01129150
 0.00121320, -0.01220703
 0.00121340, -0.01403809
 0.00121360, -0.01464844
 0.00121380, -0.01495361
 0.00121400, -0.01281738
 0.00121420, -0.01129150
 0.00121440, -0.00885010
 0.00121460, -0.00579834
 0.00121480, -0.00305176
 0.00121500, -0.00183105
 0.00121520, -0.00183105
 0.00121540, -0.00305176
 0.00121560, -0.00427246
 0.00121580, -0.00579834
 0.00121600, -0.00579834
 0.00121620, -0.00549316
 0.00121640, -0.00396729
 0.00121660, -0.00244141
 0.00121680, -0.00091553
 0.00121700,  0.00000000
 0.00121720,  0.00030518
 0.00121740, -0.00091553
 0.00121760, -0.00366211
 0.00121780, -0.00549316
 0.00121800, -0.00640869
 0.00121820, -0.00823975
 0.00121840, -0.00823975
 0.00121860, -0.00732422
 0.00121880, -0.00610352
 0.00121900, -0.00518799
 0.00121920, -0.00518799
 0.00121940, -0.00518799
 0.00121960, -0.00579834
 0.00121980, -0.00671387
 0.00122000, -0.00823975
 0.00122020, -0.00885010
 0.00122040, -0.00915527
 0.00122060, -0.00854492
 0.00122080, -0.00701904
 0.00122100, -0.00488281
 0.00122120, -0.00122070
 0.00122140,  0.00183105
 0.00122160,  0.00427246
 0.00122180,  0.00579834
 0.00122200,  0.00579834
 0.00122220,  0.00671387
 0.00122240,  0.00732422
 0.00122260,  0.00854492
 0.00122280,  0.01098633
 0.00122300,  0.01220703
 0.00122320,  0.01434326
 0.00122340,  0.01708984
 0.00122360,  0.01892090
 0.00122380,  0.02075195
 0.00122400,  0.02136230
 0.00122420,  0.02075195
 0.00122440,  0.01983643
 0.00122460,  0.01831055
 0.00122480,  0.01770020
 0.00122500,  0.01617432
 0.00122520,  0.01586914
 0.00122540,  0.01495361
 0.00122560,  0.01403809
 0.00122580,  0.01312256
 0.00122600,  0.01159668
 0.00122620,  0.01007080
 0.00122640,  0.00946045
 0.00122660,  0.00823975
 0.00122680,  0.00823975
 0.00122700,  0.00946045
 0.00122720,  0.01068115
 0.00122740,  0.01220703
 0.00122760,  0.01342773
 0.00122780,  0.01373291
 0.00122800,  0.01464844
 0.00122820,  0.01495361
 0.00122840,  0.01464844
 0.00122860,  0.01434326
 0.00122880,  0.01525879
 0.00122900,  0.01556396
 0.00122920,  0.01617432
 0.00122940,  0.01678467
 0.00122960,  0.01739502
 0.00122980,  0.01892090
 0.00123000,  0.01953125
 0.00123020,  0.01953125
 0.00123040,  0.02014160
 0.00123060,  0.02014160
 0.00123080,  0.02044678
 0.00123100,  0.01983643
 0.00123120,  0.01800537
 0.00123140,  0.01617432
 0.00123160,  0.01525879
 0.00123180,  0.01464844
 0.00123200,  0.01434326
 0.00123220,  0.01281738
 0.00123240,  0.01220703
 0.00123260,  0.01251221
 0.00123280,  0.01129150
 0.00123300,  0.01098633
 0.00123320,  0.00976563
 0.00123340,  0.00854492
 0.00123360,  0.00640869
 0.00123380,  0.00488281
 0.00123400,  0.00366211
 0.00123420,  0.00305176
 0.00123440,  0.00244141
 0.00123460,  0.00183105
 0.00123480,  0.00122070
 0.00123500,  0.00122070
 0.00123520,  0.00091553
 0.00123540,  0.00183105
 0.00123560,  0.00244141
 0.00123580,  0.00244141
 0.00123600,  0.00244141
 0.00123620,  0.00335693
 0.00123640,  0.00488281
 0.00123660,  0.00518799
 0.00123680,  0.00579834
 0.00123700,  0.00579834
 0.00123720,  0.00671387
 0.00123740,  0.00640869
 0.00123760,  0.00640869
 0.00123780,  0.00671387
 0.00123800,  0.00701904
 0.00123820,  0.00701904
 0.00123840,  0.00671387
 0.00123860,  0.00610352
 0.00123880,  0.00549316
 0.00123900,  0.00549316
 0.00123920,  0.00549316
 0.00123940,  0.00488281
 0.00123960,  0.00335693
 0.00123980,  0.00152588
 0.00124000, -0.00091553
 0.00124020, -0.00366211
 0.00124040, -0.00518799
 0.00124060, -0.00732422
 0.00124080, -0.00823975
 0.00124100, -0.00854492
 0.00124120, -0.00823975
 0.00124140, -0.00610352
 0.00124160, -0.00457764
 0.00124180, -0.00335693
 0.00124200, -0.00305176
 0.00124220, -0.00244141
 0.00124240, -0.00213623
 0.00124260, -0.00274658
 0.00124280, -0.00305176
 0.00124300, -0.00244141
 0.00124320, -0.00183105
 0.00124340, -0.00091553
 0.00124360,  0.00091553
 0.00124380,  0.00213623
 0.00124400,  0.00335693
 0.00124420,  0.00457764
 0.00124440,  0.00518799
 0.00124460,  0.00488281
 0.00124480,  0.00457764
 0.00124500,  0.00549316
 0.00124520,  0.00579834
 0.00124540,  0.00640869
 0.00124560,  0.00640869
 0.00124580,  0.00640869
 0.00124600,  0.00610352
 0.00124620,  0.00579834
 0.00124640,  0.00518799
 0.00124660,  0.00427246
 0.00124680,  0.00427246
 0.00124700,  0.00244141
 0.00124720,  0.00213623
 0.00124740,  0.00122070
 0.00124760, -0.00030518
 0.00124780, -0.00152588
 0.00124800, -0.00213623
 0.00124820, -0.00335693
 0.00124840, -0.00427246
 0.00124860, -0.00427246
 0.00124880, -0.00427246
 0.00124900, -0.00427246
 0.00124920, -0.00457764
 0.00124940, -0.00457764
 0.00124960, -0.00488281
 0.00124980, -0.00427246
 0.00125000, -0.00427246
 0.00125020, -0.00396729
 0.00125040, -0.00305176
 0.00125060, -0.00183105
 0.00125080,  0.00030518
 0.00125100,  0.00152588
 0.00125120,  0.00396729
 0.00125140,  0.00579834
 0.00125160,  0.00732422
 0.00125180,  0.00885010
 0.00125200,  0.00885010
 0.00125220,  0.00976563
 0.00125240,  0.00915527
 0.00125260,  0.00915527
 0.00125280,  0.00976563
 0.00125300,  0.01037598
 0.00125320,  0.01068115
 0.00125340,  0.01220703
 0.00125360,  0.01373291
 0.00125380,  0.01434326
 0.00125400,  0.01495361
 0.00125420,  0.01464844
 0.00125440,  0.01312256
 0.00125460,  0.01098633
 0.00125480,  0.00946045
 0.00125500,  0.00793457
 0.00125520,  0.00701904
 0.00125540,  0.00640869
 0.00125560,  0.00549316
 0.00125580,  0.00610352
 0.00125600,  0.00549316
 0.00125620,  0.00488281
 0.00125640,  0.00488281
 0.00125660,  0.00335693
 0.00125680,  0.00183105
 0.00125700,  0.00061035
 0.00125720, -0.00061035
 0.00125740, -0.00152588
 0.00125760, -0.00122070
 0.00125780, -0.00091553
 0.00125800, -0.00091553
 0.00125820, -0.00061035
 0.00125840, -0.00061035
 0.00125860, -0.00122070
 0.00125880, -0.00152588
 0.00125900, -0.00183105
 0.00125920, -0.00183105
 0.00125940, -0.00122070
 0.00125960, -0.00061035
 0.00125980,  0.00000000
 0.00126000,  0.00152588
 0.00126020,  0.00000000
 0.00126040, -0.00091553
 0.00126060, -0.00274658
 0.00126080, -0.00488281
 0.00126100, -0.00640869
 0.00126120, -0.00732422
 0.00126140, -0.00885010
 0.00126160, -0.00976563
 0.00126180, -0.01037598
 0.00126200, -0.01129150
 0.00126220, -0.01281738
 0.00126240, -0.01403809
 0.00126260, -0.01678467
 0.00126280, -0.01708984
 0.00126300, -0.01922607
 0.00126320, -0.02044678
 0.00126340, -0.02075195
 0.00126360, -0.02075195
 0.00126380, -0.02044678
 0.00126400, -0.01983643
 0.00126420, -0.01953125
 0.00126440, -0.01861572
 0.00126460, -0.01861572
 0.00126480, -0.01770020
 0.00126500, -0.01831055
 0.00126520, -0.01617432
 0.00126540, -0.01586914
 0.00126560, -0.01373291
 0.00126580, -0.01190186
 0.00126600, -0.00946045
 0.00126620, -0.00823975
 0.00126640, -0.00701904
 0.00126660, -0.00701904
 0.00126680, -0.00793457
 0.00126700, -0.00854492
 0.00126720, -0.00885010
 0.00126740, -0.00793457
 0.00126760, -0.00671387
 0.00126780, -0.00427246
 0.00126800, -0.00183105
 0.00126820, -0.00061035
 0.00126840, -0.00061035
 0.00126860, -0.00122070
 0.00126880, -0.00244141
 0.00126900, -0.00457764
 0.00126920, -0.00640869
 0.00126940, -0.00793457
 0.00126960, -0.00915527
 0.00126980, -0.00946045
 0.00127000, -0.00976563
 0.00127020, -0.00946045
 0.00127040, -0.00854492
 0.00127060, -0.00915527
 0.00127080, -0.00976563
 0.00127100, -0.01129150
 0.00127120, -0.01281738
 0.00127140, -0.01373291
 0.00127160, -0.01495361
 0.00127180, -0.01495361
 0.00127200, -0.01373291
 0.00127220, -0.01312256
 0.00127240, -0.01342773
 0.00127260, -0.01281738
 0.00127280, -0.01251221
 0.00127300, -0.01220703
 0.00127320, -0.01403809
 0.00127340, -0.01525879
 0.00127360, -0.01525879
 0.00127380, -0.01586914
 0.00127400, -0.01617432
 0.00127420, -0.01617432
 0.00127440, -0.01464844
 0.00127460, -0.01220703
 0.00127480, -0.01281738
 0.00127500, -0.01220703
 0.00127520, -0.01251221
 0.00127540, -0.01373291
 0.00127560, -0.01434326
 0.00127580, -0.01495361
 0.00127600, -0.01617432
 0.00127620, -0.01525879
 0.00127640, -0.01525879
 0.00127660, -0.01464844
 0.00127680, -0.01312256
 0.00127700, -0.01312256
 0.00127720, -0.01556396
 0.00127740, -0.01617432
 0.00127760, -0.01647949
 0.00127780, -0.01770020
 0.00127800, -0.01922607
 0.00127820, -0.01831055
 0.00127840, -0.01770020
 0.00127860, -0.01770020
 0.00127880, -0.01434326
 0.00127900, -0.01373291
 0.00127920, -0.01190186
 0.00127940, -0.01098633
 0.00127960, -0.01098633
 0.00127980, -0.01159668
 0.00128000, -0.01190186
 0.00128020, -0.01251221
 0.00128040, -0.01068115
 0.00128060, -0.00946045
 0.00128080, -0.00762939
 0.00128100, -0.00518799
 0.00128120, -0.00152588
 0.00128140,  0.00152588
 0.00128160,  0.00335693
 0.00128180,  0.00457764
 0.00128200,  0.00488281
 0.00128220,  0.00457764
 0.00128240,  0.00427246
 0.00128260,  0.00396729
 0.00128280,  0.00396729
 0.00128300,  0.00366211
 0.00128320,  0.00366211
 0.00128340,  0.00366211
 0.00128360,  0.00457764
 0.00128380,  0.00549316
 0.00128400,  0.00518799
 0.00128420,  0.00457764
 0.00128440,  0.00396729
 0.00128460,  0.00305176
 0.00128480,  0.00274658
 0.00128500,  0.00183105
 0.00128520,  0.00061035
 0.00128540,  0.00091553
 0.00128560,  0.00091553
 0.00128580,  0.00122070
 0.00128600,  0.00091553
 0.00128620,  0.00030518
 0.00128640, -0.00061035
 0.00128660, -0.00091553
 0.00128680, -0.00183105
 0.00128700, -0.00213623
 0.00128720, -0.00274658
 0.00128740, -0.00244141
 0.00128760, -0.00213623
 0.00128780, -0.00152588
 0.00128800, -0.00122070
 0.00128820, -0.00061035
 0.00128840,  0.00122070
 0.00128860,  0.00183105
 0.00128880,  0.00152588
 0.00128900,  0.00030518
 0.00128920, -0.00030518
 0.00128940, -0.00091553
 0.00128960, -0.00152588
 0.00128980, -0.00091553
 0.00129000, -0.00030518
 0.00129020, -0.00030518
 0.00129040,  0.00000000
 0.00129060,  0.00000000
 0.00129080, -0.00091553
 0.00129100, -0.00061035
 0.00129120, -0.00030518
 0.00129140, -0.00213623
 0.00129160, -0.00305176
 0.00129180, -0.00366211
 0.00129200, -0.00305176
 0.00129220, -0.00183105
 0.00129240, -0.00152588
 0.00129260,  0.00061035
 0.00129280,  0.00183105
 0.00129300,  0.00274658
 0.00129320,  0.00305176
 0.00129340,  0.00366211
 0.00129360,  0.00335693
 0.00129380,  0.00366211
 0.00129400,  0.00335693
 0.00129420,  0.00366211
 0.00129440,  0.00427246
 0.00129460,  0.00518799
 0.00129480,  0.00701904
 0.00129500,  0.00854492
 0.00129520,  0.01037598
 0.00129540,  0.01129150
 0.00129560,  0.01251221
 0.00129580,  0.01281738
 0.00129600,  0.01342773
 0.00129620,  0.01342773
 0.00129640,  0.01403809
 0.00129660,  0.01525879
 0.00129680,  0.01678467
 0.00129700,  0.01861572
 0.00129720,  0.01983643
 0.00129740,  0.02044678
 0.00129760,  0.02166748
 0.00129780,  0.02227783
 0.00129800,  0.02197266
 0.00129820,  0.02136230
 0.00129840,  0.02075195
 0.00129860,  0.01892090
 0.00129880,  0.01800537
 0.00129900,  0.01617432
 0.00129920,  0.01617432
 0.00129940,  0.01525879
 0.00129960,  0.01464844
 0.00129980,  0.01373291
 0.00130000,  0.01251221
 0.00130020,  0.01068115
 0.00130040,  0.00823975
 0.00130060,  0.00610352
 0.00130080,  0.00457764
 0.00130100,  0.00396729
 0.00130120,  0.00335693
 0.00130140,  0.00335693
 0.00130160,  0.00427246
 0.00130180,  0.00518799
 0.00130200,  0.00579834
 0.00130220,  0.00640869
 0.00130240,  0.00549316
 0.00130260,  0.00427246
 0.00130280,  0.00305176
 0.00130300,  0.00244141
 0.00130320,  0.00000000
 0.00130340, -0.00122070
 0.00130360, -0.00183105
 0.00130380, -0.00244141
 0.00130400, -0.00122070
 0.00130420, -0.00030518
 0.00130440,  0.00152588
 0.00130460,  0.00213623
 0.00130480,  0.00244141
 0.00130500,  0.00183105
 0.00130520,  0.00091553
 0.00130540,  0.00000000
 0.00130560, -0.00152588
 0.00130580, -0.00274658
 0.00130600, -0.00396729
 0.00130620, -0.00396729
 0.00130640, -0.00335693
 0.00130660, -0.00274658
 0.00130680, -0.00152588
 0.00130700, -0.00213623
 0.00130720, -0.00183105
 0.00130740, -0.00244141
 0.00130760, -0.00305176
 0.00130780, -0.00427246
 0.00130800, -0.00488281
 0.00130820, -0.00549316
 0.00130840, -0.00518799
 0.00130860, -0.00427246
 0.00130880, -0.00244141
 0.00130900, -0.00122070
 0.00130920, -0.00030518
 0.00130940,  0.00061035
 0.00130960,  0.00000000
 0.00130980,  0.00030518
 0.00131000,  0.00061035
 0.00131020,  0.00091553
 0.00131040,  0.00091553
 0.00131060,  0.00122070
 0.00131080,  0.00152588
 0.00131100,  0.00213623
 0.00131120,  0.00274658
 0.00131140,  0.00335693
 0.00131160,  0.00335693
 0.00131180,  0.00335693
 0.00131200,  0.00274658
 0.00131220,  0.00244141
 0.00131240,  0.00183105
 0.00131260,  0.00183105
 0.00131280,  0.00213623
 0.00131300,  0.00305176
 0.00131320,  0.00335693
 0.00131340,  0.00335693
 0.00131360,  0.00457764
 0.00131380,  0.00396729
 0.00131400,  0.00244141
 0.00131420,  0.00122070
 0.00131440,  0.00000000
 0.00131460,  0.00000000
 0.00131480, -0.00122070
 0.00131500, -0.00152588
 0.00131520, -0.00091553
 0.00131540,  0.00000000
 0.00131560,  0.00030518
 0.00131580,  0.00061035
 0.00131600,  0.00061035
 0.00131620,  0.00030518
 0.00131640, -0.00061035
 0.00131660,  0.00000000
 0.00131680, -0.00122070
 0.00131700, -0.00122070
 0.00131720, -0.00091553
 0.00131740,  0.00000000
 0.00131760,  0.00061035
 0.00131780,  0.00030518
 0.00131800,  0.00152588
 0.00131820,  0.00244141
 0.00131840,  0.00305176
 0.00131860,  0.00335693
 0.00131880,  0.00305176
 0.00131900,  0.00335693
 0.00131920,  0.00274658
 0.00131940,  0.00366211
 0.00131960,  0.00305176
 0.00131980,  0.00335693
 0.00132000,  0.00305176
 0.00132020,  0.00274658
 0.00132040,  0.00152588
 0.00132060,  0.00091553
 0.00132080,  0.00030518
 0.00132100, -0.00030518
 0.00132120, -0.00152588
 0.00132140, -0.00183105
 0.00132160, -0.00122070
 0.00132180, -0.00061035
 0.00132200,  0.00000000
 0.00132220,  0.00030518
 0.00132240,  0.00000000
 0.00132260, -0.00061035
 0.00132280, -0.00091553
 0.00132300, -0.00122070
 0.00132320, -0.00122070
 0.00132340, -0.00152588
 0.00132360, -0.00122070
 0.00132380,  0.00030518
 0.00132400,  0.00152588
 0.00132420,  0.00244141
 0.00132440,  0.00305176
 0.00132460,  0.00335693
 0.00132480,  0.00274658
 0.00132500,  0.00274658
 0.00132520,  0.00183105
 0.00132540,  0.00183105
 0.00132560,  0.00213623
 0.00132580,  0.00335693
 0.00132600,  0.00457764
 0.00132620,  0.00488281
 0.00132640,  0.00579834
 0.00132660,  0.00579834
 0.00132680,  0.00610352
 0.00132700,  0.00640869
 0.00132720,  0.00488281
 0.00132740,  0.00396729
 0.00132760,  0.00396729
 0.00132780,  0.00335693
 0.00132800,  0.00457764
 0.00132820,  0.00518799
 0.00132840,  0.00549316
 0.00132860,  0.00640869
 0.00132880,  0.00549316
 0.00132900,  0.00457764
 0.00132920,  0.00335693
 0.00132940,  0.00122070
 0.00132960,  0.00091553
 0.00132980,  0.00030518
 0.00133000,  0.00030518
 0.00133020,  0.00061035
 0.00133040,  0.00091553
 0.00133060,  0.00091553
 0.00133080,  0.00061035
 0.00133100,  0.00030518
 0.00133120, -0.00061035
 0.00133140, -0.00244141
 0.00133160, -0.00305176
 0.00133180, -0.00366211
 0.00133200, -0.00427246
 0.00133220, -0.00457764
 0.00133240, -0.00427246
 0.00133260, -0.00457764
 0.00133280, -0.00396729
 0.00133300, -0.00396729
 0.00133320, -0.00396729
 0.00133340, -0.00335693
 0.00133360, -0.00274658
 0.00133380, -0.00396729
 0.00133400, -0.00457764
 0.00133420, -0.00579834
 0.00133440, -0.00610352
 0.00133460, -0.00671387
 0.00133480, -0.00762939
 0.00133500, -0.00732422
 0.00133520, -0.00640869
 0.00133540, -0.00610352
 0.00133560, -0.00579834
 0.00133580, -0.00488281
 0.00133600, -0.00396729
 0.00133620, -0.00396729
 0.00133640, -0.00488281
 0.00133660, -0.00579834
 0.00133680, -0.00732422
 0.00133700, -0.00762939
 0.00133720, -0.00854492
 0.00133740, -0.01007080
 0.00133760, -0.01068115
 0.00133780, -0.01007080
 0.00133800, -0.00976563
 0.00133820, -0.00793457
 0.00133840, -0.00793457
 0.00133860, -0.00793457
 0.00133880, -0.00793457
 0.00133900, -0.00823975
 0.00133920, -0.00854492
 0.00133940, -0.00854492
 0.00133960, -0.00823975
 0.00133980, -0.00762939
 0.00134000, -0.00762939
 0.00134020, -0.00671387
 0.00134040, -0.00610352
 0.00134060, -0.00549316
 0.00134080, -0.00549316
 0.00134100, -0.00549316
 0.00134120, -0.00518799
 0.00134140, -0.00518799
 0.00134160, -0.00579834
 0.00134180, -0.00518799
 0.00134200, -0.00488281
 0.00134220, -0.00518799
 0.00134240, -0.00518799
 0.00134260, -0.00427246
 0.00134280, -0.00518799
 0.00134300, -0.00518799
 0.00134320, -0.00518799
 0.00134340, -0.00610352
 0.00134360, -0.00610352
 0.00134380, -0.00640869
 0.00134400, -0.00732422
 0.00134420, -0.00701904
 0.00134440, -0.00640869
 0.00134460, -0.00640869
 0.00134480, -0.00610352
 0.00134500, -0.00640869
 0.00134520, -0.00701904
 0.00134540, -0.00732422
 0.00134560, -0.00793457
 0.00134580, -0.00946045
 0.00134600, -0.01098633
 0.00134620, -0.01098633
 0.00134640, -0.01129150
 0.00134660, -0.01251221
 0.00134680, -0.01281738
 0.00134700, -0.01373291
 0.00134720, -0.01403809
 0.00134740, -0.01403809
 0.00134760, -0.01373291
 0.00134780, -0.01312256
 0.00134800, -0.01190186
 0.00134820, -0.01159668
 0.00134840, -0.01098633
 0.00134860, -0.01068115
 0.00134880, -0.01007080
 0.00134900, -0.00976563
 0.00134920, -0.00976563
 0.00134940, -0.00946045
 0.00134960, -0.00915527
 0.00134980, -0.00823975
 0.00135000, -0.00762939
 0.00135020, -0.00732422
 0.00135040, -0.00671387
 0.00135060, -0.00671387
 0.00135080, -0.00671387
 0.00135100, -0.00732422
 0.00135120, -0.00732422
 0.00135140, -0.00701904
 0.00135160, -0.00732422
 0.00135180, -0.00610352
 0.00135200, -0.00610352
 0.00135220, -0.00518799
 0.00135240, -0.00457764
 0.00135260, -0.00427246
 0.00135280, -0.00427246
 0.00135300, -0.00457764
 0.00135320, -0.00518799
 0.00135340, -0.00427246
 0.00135360, -0.00427246
 0.00135380, -0.00396729
 0.00135400, -0.00305176
 0.00135420, -0.00213623
 0.00135440, -0.00244141
 0.00135460, -0.00213623
 0.00135480, -0.00274658
 0.00135500, -0.00274658
 0.00135520, -0.00335693
 0.00135540, -0.00366211
 0.00135560, -0.00366211
 0.00135580, -0.00335693
 0.00135600, -0.00274658
 0.00135620, -0.00061035
 0.00135640,  0.00030518
 0.00135660,  0.00091553
 0.00135680,  0.00091553
 0.00135700,  0.00152588
 0.00135720,  0.00183105
 0.00135740,  0.00183105
 0.00135760,  0.00183105
 0.00135780,  0.00213623
 0.00135800,  0.00244141
 0.00135820,  0.00366211
 0.00135840,  0.00457764
 0.00135860,  0.00610352
 0.00135880,  0.00701904
 0.00135900,  0.00732422
 0.00135920,  0.00671387
 0.00135940,  0.00549316
 0.00135960,  0.00366211
 0.00135980,  0.00244141
 0.00136000,  0.00091553
 0.00136020,  0.00000000
 0.00136040, -0.00061035
 0.00136060, -0.00061035
 0.00136080, -0.00030518
 0.00136100, -0.00061035
 0.00136120, -0.00183105
 0.00136140, -0.00274658
 0.00136160, -0.00457764
 0.00136180, -0.00488281
 0.00136200, -0.00518799
 0.00136220, -0.00518799
 0.00136240, -0.00457764
 0.00136260, -0.00274658
 0.00136280, -0.00061035
 0.00136300,  0.00183105
 0.00136320,  0.00366211
 0.00136340,  0.00427246
 0.00136360,  0.00457764
 0.00136380,  0.00488281
 0.00136400,  0.00427246
 0.00136420,  0.00427246
 0.00136440,  0.00427246
 0.00136460,  0.00488281
 0.00136480,  0.00549316
 0.00136500,  0.00732422
 0.00136520,  0.00976563
 0.00136540,  0.01037598
 0.00136560,  0.01159668
 0.00136580,  0.01129150
 0.00136600,  0.01068115
 0.00136620,  0.01007080
 0.00136640,  0.00915527
 0.00136660,  0.00793457
 0.00136680,  0.00762939
 0.00136700,  0.00671387
 0.00136720,  0.00701904
 0.00136740,  0.00762939
 0.00136760,  0.00793457
 0.00136780,  0.00885010
 0.00136800,  0.00946045
 0.00136820,  0.01007080
 0.00136840,  0.00976563
 0.00136860,  0.00885010
 0.00136880,  0.00885010
 0.00136900,  0.00946045
 0.00136920,  0.00976563
 0.00136940,  0.01037598
 0.00136960,  0.00915527
 0.00136980,  0.00885010
 0.00137000,  0.00915527
 0.00137020,  0.00915527
 0.00137040,  0.00946045
 0.00137060,  0.01037598
 0.00137080,  0.01068115
 0.00137100,  0.01037598
 0.00137120,  0.01098633
 0.00137140,  0.01159668
 0.00137160,  0.01281738
 0.00137180,  0.01281738
 0.00137200,  0.01190186
 0.00137220,  0.01098633
 0.00137240,  0.01098633
 0.00137260,  0.00885010
 0.00137280,  0.00732422
 0.00137300,  0.00671387
 0.00137320,  0.00610352
 0.00137340,  0.00518799
 0.00137360,  0.00518799
 0.00137380,  0.00518799
 0.00137400,  0.00549316
 0.00137420,  0.00366211
 0.00137440,  0.00183105
 0.00137460,  0.00000000
 0.00137480, -0.00305176
 0.00137500, -0.00579834
 0.00137520, -0.00762939
 0.00137540, -0.00946045
 0.00137560, -0.01037598
 0.00137580, -0.01129150
 0.00137600, -0.01129150
 0.00137620, -0.01037598
 0.00137640, -0.01037598
 0.00137660, -0.01007080
 0.00137680, -0.01129150
 0.00137700, -0.01220703
 0.00137720, -0.01342773
 0.00137740, -0.01434326
 0.00137760, -0.01403809
 0.00137780, -0.01312256
 0.00137800, -0.01464844
 0.00137820, -0.01342773
 0.00137840, -0.01159668
 0.00137860, -0.01068115
 0.00137880, -0.01037598
 0.00137900, -0.00885010
 0.00137920, -0.00915527
 0.00137940, -0.00762939
 0.00137960, -0.00732422
 0.00137980, -0.00732422
 0.00138000, -0.00640869
 0.00138020, -0.00549316
 0.00138040, -0.00518799
 0.00138060, -0.00549316
 0.00138080, -0.00549316
 0.00138100, -0.00549316
 0.00138120, -0.00701904
 0.00138140, -0.00915527
 0.00138160, -0.01098633
 0.00138180, -0.01129150
 0.00138200, -0.01159668
 0.00138220, -0.01220703
 0.00138240, -0.01098633
 0.00138260, -0.01068115
 0.00138280, -0.01068115
 0.00138300, -0.01098633
 0.00138320, -0.01129150
 0.00138340, -0.01190186
 0.00138360, -0.01220703
 0.00138380, -0.01159668
 0.00138400, -0.01159668
 0.00138420, -0.01007080
 0.00138440, -0.00793457
 0.00138460, -0.00549316
 0.00138480, -0.00366211
 0.00138500, -0.00091553
 0.00138520,  0.00152588
 0.00138540,  0.00335693
 0.00138560,  0.00427246
 0.00138580,  0.00549316
 0.00138600,  0.00671387
 0.00138620,  0.00701904
 0.00138640,  0.00732422
 0.00138660,  0.00854492
 0.00138680,  0.01037598
 0.00138700,  0.01098633
 0.00138720,  0.01190186
 0.00138740,  0.01281738
 0.00138760,  0.01281738
 0.00138780,  0.01312256
 0.00138800,  0.01342773
 0.00138820,  0.01220703
 0.00138840,  0.01068115
 0.00138860,  0.00976563
 0.00138880,  0.00854492
 0.00138900,  0.00762939
 0.00138920,  0.00701904
 0.00138940,  0.00610352
 0.00138960,  0.00549316
 0.00138980,  0.00549316
 0.00139000,  0.00396729
 0.00139020,  0.00335693
 0.00139040,  0.00366211
 0.00139060,  0.00366211
 0.00139080,  0.00366211
 0.00139100,  0.00366211
 0.00139120,  0.00396729
 0.00139140,  0.00518799
 0.00139160,  0.00579834
 0.00139180,  0.00610352
 0.00139200,  0.00701904
 0.00139220,  0.00762939
 0.00139240,  0.00732422
 0.00139260,  0.00793457
 0.00139280,  0.00793457
 0.00139300,  0.00823975
 0.00139320,  0.00885010
 0.00139340,  0.00915527
 0.00139360,  0.00915527
 0.00139380,  0.00823975
 0.00139400,  0.00732422
 0.00139420,  0.00732422
 0.00139440,  0.00671387
 0.00139460,  0.00610352
 0.00139480,  0.00488281
 0.00139500,  0.00335693
 0.00139520,  0.00244141
 0.00139540,  0.00091553
 0.00139560,  0.00000000
 0.00139580, -0.00061035
 0.00139600, -0.00244141
 0.00139620, -0.00274658
 0.00139640, -0.00305176
 0.00139660, -0.00396729
 0.00139680, -0.00488281
 0.00139700, -0.00579834
 0.00139720, -0.00671387
 0.00139740, -0.00732422
 0.00139760, -0.00793457
 0.00139780, -0.00823975
 0.00139800, -0.00793457
 0.00139820, -0.00701904
 0.00139840, -0.00579834
 0.00139860, -0.00396729
 0.00139880, -0.00183105
 0.00139900,  0.00030518
 0.00139920,  0.00122070
 0.00139940,  0.00274658
 0.00139960,  0.00366211
 0.00139980,  0.00396729
 0.00140000,  0.00335693
 0.00140020,  0.00335693
 0.00140040,  0.00305176
 0.00140060,  0.00366211
 0.00140080,  0.00396729
 0.00140100,  0.00427246
 0.00140120,  0.00518799
 0.00140140,  0.00488281
 0.00140160,  0.00518799
 0.00140180,  0.00457764
 0.00140200,  0.00366211
 0.00140220,  0.00122070
 0.00140240, -0.00122070
 0.00140260, -0.00335693
 0.00140280, -0.00488281
 0.00140300, -0.00701904
 0.00140320, -0.00854492
 0.00140340, -0.00915527
 0.00140360, -0.00946045
 0.00140380, -0.00946045
 0.00140400, -0.00885010
 0.00140420, -0.00976563
 0.00140440, -0.01037598
 0.00140460, -0.01159668
 0.00140480, -0.01281738
 0.00140500, -0.01312256
 0.00140520, -0.01129150
 0.00140540, -0.01159668
 0.00140560, -0.00976563
 0.00140580, -0.00823975
 0.00140600, -0.00671387
 0.00140620, -0.00579834
 0.00140640, -0.00549316
 0.00140660, -0.00549316
 0.00140680, -0.00549316
 0.00140700, -0.00518799
 0.00140720, -0.00335693
 0.00140740, -0.00213623
 0.00140760, -0.00030518
 0.00140780,  0.00183105
 0.00140800,  0.00274658
 0.00140820,  0.00244141
 0.00140840,  0.00122070
 0.00140860,  0.00000000
 0.00140880, -0.00274658
 0.00140900, -0.00488281
 0.00140920, -0.00610352
 0.00140940, -0.00732422
 0.00140960, -0.00823975
 0.00140980, -0.00793457
 0.00141000, -0.00762939
 0.00141020, -0.00793457
 0.00141040, -0.01007080
 0.00141060, -0.01129150
 0.00141080, -0.01312256
 0.00141100, -0.01525879
 0.00141120, -0.01647949
 0.00141140, -0.01525879
 0.00141160, -0.01464844
 0.00141180, -0.01190186
 0.00141200, -0.01007080
 0.00141220, -0.00732422
 0.00141240, -0.00457764
 0.00141260, -0.00213623
 0.00141280, -0.00122070
 0.00141300, -0.00061035
 0.00141320, -0.00091553
 0.00141340, -0.00091553
 0.00141360,  0.00030518
 0.00141380,  0.00091553
 0.00141400,  0.00152588
 0.00141420,  0.00213623
 0.00141440,  0.00366211
 0.00141460,  0.00457764
 0.00141480,  0.00427246
 0.00141500,  0.00427246
 0.00141520,  0.00213623
 0.00141540, -0.00030518
 0.00141560, -0.00305176
 0.00141580, -0.00457764
 0.00141600, -0.00610352
 0.00141620, -0.00671387
 0.00141640, -0.00671387
 0.00141660, -0.00579834
 0.00141680, -0.00610352
 0.00141700, -0.00579834
 0.00141720, -0.00671387
 0.00141740, -0.00854492
 0.00141760, -0.01037598
 0.00141780, -0.01251221
 0.00141800, -0.01373291
 0.00141820, -0.01403809
 0.00141840, -0.01251221
 0.00141860, -0.01098633
 0.00141880, -0.00976563
 0.00141900, -0.00854492
 0.00141920, -0.00701904
 0.00141940, -0.00610352
 0.00141960, -0.00640869
 0.00141980, -0.00732422
 0.00142000, -0.00823975
 0.00142020, -0.00793457
 0.00142040, -0.00701904
 0.00142060, -0.00549316
 0.00142080, -0.00305176
 0.00142100, -0.00061035
 0.00142120,  0.00183105
 0.00142140,  0.00305176
 0.00142160,  0.00457764
 0.00142180,  0.00396729
 0.00142200,  0.00274658
 0.00142220,  0.00091553
 0.00142240, -0.00061035
 0.00142260, -0.00244141
 0.00142280, -0.00274658
 0.00142300, -0.00213623
 0.00142320, -0.00122070
 0.00142340, -0.00061035
 0.00142360, -0.00061035
 0.00142380, -0.00030518
 0.00142400, -0.00122070
 0.00142420, -0.00183105
 0.00142440, -0.00305176
 0.00142460, -0.00549316
 0.00142480, -0.00610352
 0.00142500, -0.00610352
 0.00142520, -0.00457764
 0.00142540, -0.00366211
 0.00142560, -0.00091553
 0.00142580,  0.00122070
 0.00142600,  0.00335693
 0.00142620,  0.00457764
 0.00142640,  0.00488281
 0.00142660,  0.00366211
 0.00142680,  0.00366211
 0.00142700,  0.00305176
 0.00142720,  0.00244141
 0.00142740,  0.00274658
 0.00142760,  0.00335693
 0.00142780,  0.00366211
 0.00142800,  0.00457764
 0.00142820,  0.00396729
 0.00142840,  0.00427246
 0.00142860,  0.00335693
 0.00142880,  0.00244141
 0.00142900,  0.00122070
 0.00142920,  0.00000000
 0.00142940, -0.00030518
 0.00142960, -0.00061035
 0.00142980, -0.00091553
 0.00143000, -0.00030518
 0.00143020, -0.00061035
 0.00143040,  0.00000000
 0.00143060, -0.00030518
 0.00143080, -0.00030518
 0.00143100, -0.00122070
 0.00143120, -0.00213623
 0.00143140, -0.00274658
 0.00143160, -0.00244141
 0.00143180, -0.00152588
 0.00143200, -0.00061035
 0.00143220,  0.00152588
 0.00143240,  0.00244141
 0.00143260,  0.00274658
 0.00143280,  0.00274658
 0.00143300,  0.00274658
 0.00143320,  0.00244141
 0.00143340,  0.00152588
 0.00143360,  0.00061035
 0.00143380,  0.00000000
 0.00143400,  0.00000000
 0.00143420,  0.00030518
 0.00143440,  0.00152588
 0.00143460,  0.00152588
 0.00143480,  0.00213623
 0.00143500,  0.00244141
 0.00143520,  0.00213623
 0.00143540,  0.00122070
 0.00143560,  0.00030518
 0.00143580, -0.00091553
 0.00143600, -0.00091553
 0.00143620, -0.00061035
 0.00143640,  0.00000000
 0.00143660,  0.00091553
 0.00143680,  0.00335693
 0.00143700,  0.00396729
 0.00143720,  0.00518799
 0.00143740,  0.00549316
 0.00143760,  0.00427246
 0.00143780,  0.00335693
 0.00143800,  0.00274658
 0.00143820,  0.00213623
 0.00143840,  0.00152588
 0.00143860,  0.00183105
 0.00143880,  0.00213623
 0.00143900,  0.00305176
 0.00143920,  0.00396729
 0.00143940,  0.00457764
 0.00143960,  0.00518799
 0.00143980,  0.00579834
 0.00144000,  0.00518799
 0.00144020,  0.00427246
 0.00144040,  0.00427246
 0.00144060,  0.00305176
 0.00144080,  0.00244141
 0.00144100,  0.00335693
 0.00144120,  0.00274658
 0.00144140,  0.00274658
 0.00144160,  0.00335693
 0.00144180,  0.00305176
 0.00144200,  0.00305176
 0.00144220,  0.00213623
 0.00144240,  0.00091553
 0.00144260, -0.00030518
 0.00144280, -0.00122070
 0.00144300, -0.00122070
 0.00144320, -0.00122070
 0.00144340, -0.00152588
 0.00144360, -0.00213623
 0.00144380, -0.00244141
 0.00144400, -0.00213623
 0.00144420, -0.00244141
 0.00144440, -0.00396729
 0.00144460, -0.00518799
 0.00144480, -0.00579834
 0.00144500, -0.00640869
 0.00144520, -0.00549316
 0.00144540, -0.00488281
 0.00144560, -0.00274658
 0.00144580, -0.00183105
 0.00144600, -0.00061035
 0.00144620,  0.00030518
 0.00144640, -0.00030518
 0.00144660, -0.00122070
 0.00144680, -0.00213623
 0.00144700, -0.00305176
 0.00144720, -0.00396729
 0.00144740, -0.00274658
 0.00144760, -0.00213623
 0.00144780, -0.00061035
 0.00144800, -0.00030518
 0.00144820,  0.00091553
 0.00144840,  0.00091553
 0.00144860,  0.00061035
 0.00144880,  0.00091553
 0.00144900, -0.00030518
 0.00144920, -0.00030518
 0.00144940,  0.00030518
 0.00144960,  0.00091553
 0.00144980,  0.00213623
 0.00145000,  0.00396729
 0.00145020,  0.00549316
 0.00145040,  0.00640869
 0.00145060,  0.00762939
 0.00145080,  0.00885010
 0.00145100,  0.00823975
 0.00145120,  0.00854492
 0.00145140,  0.00762939
 0.00145160,  0.00762939
 0.00145180,  0.00854492
 0.00145200,  0.00915527
 0.00145220,  0.00976563
 0.00145240,  0.01098633
 0.00145260,  0.01159668
 0.00145280,  0.01281738
 0.00145300,  0.01312256
 0.00145320,  0.01281738
 0.00145340,  0.01190186
 0.00145360,  0.01190186
 0.00145380,  0.01068115
 0.00145400,  0.01007080
 0.00145420,  0.01007080
 0.00145440,  0.00946045
 0.00145460,  0.00976563
 0.00145480,  0.00976563
 0.00145500,  0.01037598
 0.00145520,  0.01098633
 0.00145540,  0.01037598
 0.00145560,  0.00976563
 0.00145580,  0.00823975
 0.00145600,  0.00701904
 0.00145620,  0.00579834
 0.00145640,  0.00427246
 0.00145660,  0.00305176
 0.00145680,  0.00213623
 0.00145700,  0.00061035
 0.00145720,  0.00061035
 0.00145740, -0.00122070
 0.00145760, -0.00274658
 0.00145780, -0.00396729
 0.00145800, -0.00610352
 0.00145820, -0.00793457
 0.00145840, -0.00854492
 0.00145860, -0.00915527
 0.00145880, -0.01007080
 0.00145900, -0.01037598
 0.00145920, -0.01007080
 0.00145940, -0.00976563
 0.00145960, -0.00976563
 0.00145980, -0.00976563
 0.00146000, -0.00976563
 0.00146020, -0.00946045
 0.00146040, -0.00976563
 0.00146060, -0.00976563
 0.00146080, -0.00976563
 0.00146100, -0.00854492
 0.00146120, -0.00701904
 0.00146140, -0.00488281
 0.00146160, -0.00305176
 0.00146180, -0.00213623
 0.00146200, -0.00030518
 0.00146220, -0.00030518
 0.00146240, -0.00091553
 0.00146260, -0.00244141
 0.00146280, -0.00366211
 0.00146300, -0.00549316
 0.00146320, -0.00579834
 0.00146340, -0.00640869
 0.00146360, -0.00671387
 0.00146380, -0.00640869
 0.00146400, -0.00610352
 0.00146420, -0.00579834
 0.00146440, -0.00518799
 0.00146460, -0.00518799
 0.00146480, -0.00427246
 0.00146500, -0.00518799
 0.00146520, -0.00640869
 0.00146540, -0.00671387
 0.00146560, -0.00640869
 0.00146580, -0.00579834
 0.00146600, -0.00610352
 0.00146620, -0.00640869
 0.00146640, -0.00610352
 0.00146660, -0.00610352
 0.00146680, -0.00518799
 0.00146700, -0.00427246
 0.00146720, -0.00366211
 0.00146740, -0.00183105
 0.00146760, -0.00122070
 0.00146780, -0.00030518
 0.00146800,  0.00122070
 0.00146820,  0.00091553
 0.00146840, -0.00030518
 0.00146860, -0.00183105
 0.00146880, -0.00274658
 0.00146900, -0.00396729
 0.00146920, -0.00335693
 0.00146940, -0.00366211
 0.00146960, -0.00305176
 0.00146980, -0.00183105
 0.00147000, -0.00061035
 0.00147020,  0.00000000
 0.00147040,  0.00000000
 0.00147060, -0.00030518
 0.00147080, -0.00122070
 0.00147100, -0.00335693
 0.00147120, -0.00396729
 0.00147140, -0.00518799
 0.00147160, -0.00549316
 0.00147180, -0.00518799
 0.00147200, -0.00457764
 0.00147220, -0.00305176
 0.00147240, -0.00213623
 0.00147260, -0.00091553
 0.00147280,  0.00091553
 0.00147300,  0.00183105
 0.00147320,  0.00274658
 0.00147340,  0.00244141
 0.00147360,  0.00213623
 0.00147380,  0.00152588
 0.00147400,  0.00152588
 0.00147420,  0.00244141
 0.00147440,  0.00305176
 0.00147460,  0.00396729
 0.00147480,  0.00549316
 0.00147500,  0.00610352
 0.00147520,  0.00671387
 0.00147540,  0.00732422
 0.00147560,  0.00671387
 0.00147580,  0.00579834
 0.00147600,  0.00518799
 0.00147620,  0.00457764
 0.00147640,  0.00427246
 0.00147660,  0.00457764
 0.00147680,  0.00457764
 0.00147700,  0.00488281
 0.00147720,  0.00488281
 0.00147740,  0.00427246
 0.00147760,  0.00274658
 0.00147780,  0.00091553
 0.00147800, -0.00061035
 0.00147820, -0.00152588
 0.00147840, -0.00335693
 0.00147860, -0.00427246
 0.00147880, -0.00488281
 0.00147900, -0.00579834
 0.00147920, -0.00732422
 0.00147940, -0.00823975
 0.00147960, -0.00854492
 0.00147980, -0.00854492
 0.00148000, -0.00885010
 0.00148020, -0.00823975
 0.00148040, -0.00885010
 0.00148060, -0.00762939
 0.00148080, -0.00762939
 0.00148100, -0.00671387
 0.00148120, -0.00610352
 0.00148140, -0.00640869
 0.00148160, -0.00671387
 0.00148180, -0.00701904
 0.00148200, -0.00732422
 0.00148220, -0.00854492
 0.00148240, -0.00885010
 0.00148260, -0.01007080
 0.00148280, -0.01037598
 0.00148300, -0.01098633
 0.00148320, -0.01129150
 0.00148340, -0.01190186
 0.00148360, -0.01220703
 0.00148380, -0.01159668
 0.00148400, -0.01190186
 0.00148420, -0.01159668
 0.00148440, -0.01190186
 0.00148460, -0.01251221
 0.00148480, -0.01159668
 0.00148500, -0.01159668
 0.00148520, -0.01098633
 0.00148540, -0.01037598
 0.00148560, -0.00946045
 0.00148580, -0.00854492
 0.00148600, -0.00671387
 0.00148620, -0.00640869
 0.00148640, -0.00549316
 0.00148660, -0.00457764
 0.00148680, -0.00427246
 0.00148700, -0.00488281
 0.00148720, -0.00488281
 0.00148740, -0.00488281
 0.00148760, -0.00579834
 0.00148780, -0.00701904
 0.00148800, -0.00762939
 0.00148820, -0.00823975
 0.00148840, -0.00885010
 0.00148860, -0.00976563
 0.00148880, -0.00976563
 0.00148900, -0.00915527
 0.00148920, -0.00793457
 0.00148940, -0.00732422
 0.00148960, -0.00701904
 0.00148980, -0.00701904
 0.00149000, -0.00701904
 0.00149020, -0.00701904
 0.00149040, -0.00701904
 0.00149060, -0.00671387
 0.00149080, -0.00671387
 0.00149100, -0.00640869
 0.00149120, -0.00518799
 0.00149140, -0.00518799
 0.00149160, -0.00427246
 0.00149180, -0.00335693
 0.00149200, -0.00274658
 0.00149220, -0.00244141
 0.00149240, -0.00213623
 0.00149260, -0.00183105
 0.00149280, -0.00152588
 0.00149300, -0.00061035
 0.00149320,  0.00000000
 0.00149340, -0.00030518
 0.00149360, -0.00030518
 0.00149380,  0.00000000
 0.00149400,  0.00152588
 0.00149420,  0.00213623
 0.00149440,  0.00274658
 0.00149460,  0.00305176
 0.00149480,  0.00335693
 0.00149500,  0.00274658
 0.00149520,  0.00305176
 0.00149540,  0.00305176
 0.00149560,  0.00305176
 0.00149580,  0.00305176
 0.00149600,  0.00274658
 0.00149620,  0.00335693
 0.00149640,  0.00366211
 0.00149660,  0.00396729
 0.00149680,  0.00427246
 0.00149700,  0.00427246
 0.00149720,  0.00396729
 0.00149740,  0.00396729
 0.00149760,  0.00396729
 0.00149780,  0.00366211
 0.00149800,  0.00366211
 0.00149820,  0.00335693
 0.00149840,  0.00335693
 0.00149860,  0.00335693
 0.00149880,  0.00305176
 0.00149900,  0.00366211
 0.00149920,  0.00366211
 0.00149940,  0.00488281
 0.00149960,  0.00579834
 0.00149980,  0.00701904
 0.00150000,  0.00823975
 0.00150020,  0.00946045
 0.00150040,  0.00976563
 0.00150060,  0.01037598
 0.00150080,  0.01098633
 0.00150100,  0.01037598
 0.00150120,  0.00915527
 0.00150140,  0.00793457
 0.00150160,  0.00640869
 0.00150180,  0.00579834
 0.00150200,  0.00549316
 0.00150220,  0.00579834
 0.00150240,  0.00640869
 0.00150260,  0.00793457
 0.00150280,  0.00823975
 0.00150300,  0.00854492
 0.00150320,  0.00762939
 0.00150340,  0.00610352
 0.00150360,  0.00427246
 0.00150380,  0.00213623
 0.00150400,  0.00091553
 0.00150420,  0.00030518
 0.00150440,  0.00122070
 0.00150460,  0.00244141
 0.00150480,  0.00457764
 0.00150500,  0.00701904
 0.00150520,  0.00915527
 0.00150540,  0.01068115
 0.00150560,  0.01220703
 0.00150580,  0.01281738
 0.00150600,  0.01281738
 0.00150620,  0.01312256
 0.00150640,  0.01373291
 0.00150660,  0.01373291
 0.00150680,  0.01434326
 0.00150700,  0.01495361
 0.00150720,  0.01617432
 0.00150740,  0.01678467
 0.00150760,  0.01678467
 0.00150780,  0.01739502
 0.00150800,  0.01708984
 0.00150820,  0.01708984
 0.00150840,  0.01708984
 0.00150860,  0.01739502
 0.00150880,  0.01586914
 0.00150900,  0.01586914
 0.00150920,  0.01464844
 0.00150940,  0.01342773
 0.00150960,  0.01220703
 0.00150980,  0.01098633
 0.00151000,  0.00976563
 0.00151020,  0.00885010
 0.00151040,  0.00762939
 0.00151060,  0.00762939
 0.00151080,  0.00762939
 0.00151100,  0.00701904
 0.00151120,  0.00701904
 0.00151140,  0.00701904
 0.00151160,  0.00762939
 0.00151180,  0.00640869
 0.00151200,  0.00549316
 0.00151220,  0.00488281
 0.00151240,  0.00366211
 0.00151260,  0.00213623
 0.00151280,  0.00152588
 0.00151300,  0.00030518
 0.00151320, -0.00122070
 0.00151340, -0.00244141
 0.00151360, -0.00366211
 0.00151380, -0.00396729
 0.00151400, -0.00427246
 0.00151420, -0.00457764
 0.00151440, -0.00396729
 0.00151460, -0.00396729
 0.00151480, -0.00427246
 0.00151500, -0.00549316
 0.00151520, -0.00823975
 0.00151540, -0.01037598
 0.00151560, -0.01251221
 0.00151580, -0.01342773
 0.00151600, -0.01678467
 0.00151620, -0.01586914
 0.00151640, -0.01647949
 0.00151660, -0.01617432
 0.00151680, -0.01586914
 0.00151700, -0.01525879
 0.00151720, -0.01525879
 0.00151740, -0.01647949
 0.00151760, -0.01861572
 0.00151780, -0.02075195
 0.00151800, -0.02227783
 0.00151820, -0.02410889
 0.00151840, -0.02532959
 0.00151860, -0.02471924
 0.00151880, -0.02441406
 0.00151900, -0.02319336
 0.00151920, -0.02075195
 0.00151940, -0.01922607
 0.00151960, -0.01831055
 0.00151980, -0.01678467
 0.00152000, -0.01647949
 0.00152020, -0.01586914
 0.00152040, -0.01464844
 0.00152060, -0.01434326
 0.00152080, -0.01312256
 0.00152100, -0.01251221
 0.00152120, -0.01098633
 0.00152140, -0.00823975
 0.00152160, -0.00671387
 0.00152180, -0.00518799
 0.00152200, -0.00427246
 0.00152220, -0.00396729
 0.00152240, -0.00335693
 0.00152260, -0.00244141
 0.00152280, -0.00274658
 0.00152300, -0.00305176
 0.00152320, -0.00335693
 0.00152340, -0.00274658
 0.00152360, -0.00122070
 0.00152380, -0.00152588
 0.00152400, -0.00122070
 0.00152420, -0.00030518
 0.00152440, -0.00061035
 0.00152460, -0.00091553
 0.00152480, -0.00183105
 0.00152500, -0.00274658
 0.00152520, -0.00244141
 0.00152540, -0.00183105
 0.00152560, -0.00183105
 0.00152580, -0.00122070
 0.00152600, -0.00091553
 0.00152620, -0.00061035
 0.00152640,  0.00000000
 0.00152660,  0.00061035
 0.00152680,  0.00122070
 0.00152700,  0.00091553
 0.00152720,  0.00122070
 0.00152740,  0.00061035
 0.00152760,  0.00000000
 0.00152780, -0.00030518
 0.00152800,  0.00030518
 0.00152820,  0.00091553
 0.00152840,  0.00183105
 0.00152860,  0.00244141
 0.00152880,  0.00305176
 0.00152900,  0.00396729
 0.00152920,  0.00396729
 0.00152940,  0.00366211
 0.00152960,  0.00366211
 0.00152980,  0.00427246
 0.00153000,  0.00396729
 0.00153020,  0.00457764
 0.00153040,  0.00518799
 0.00153060,  0.00579834
 0.00153080,  0.00640869
 0.00153100,  0.00762939
 0.00153120,  0.00762939
 0.00153140,  0.00762939
 0.00153160,  0.00671387
 0.00153180,  0.00518799
 0.00153200,  0.00396729
 0.00153220,  0.00305176
 0.00153240,  0.00274658
 0.00153260,  0.00274658
 0.00153280,  0.00366211
 0.00153300,  0.00335693
 0.00153320,  0.00427246
 0.00153340,  0.00457764
 0.00153360,  0.00518799
 0.00153380,  0.00427246
 0.00153400,  0.00396729
 0.00153420,  0.00335693
 0.00153440,  0.00427246
 0.00153460,  0.00457764
 0.00153480,  0.00518799
 0.00153500,  0.00640869
 0.00153520,  0.00732422
 0.00153540,  0.00823975
 0.00153560,  0.00885010
 0.00153580,  0.00946045
 0.00153600,  0.00885010
 0.00153620,  0.00793457
 0.00153640,  0.00701904
 0.00153660,  0.00518799
 0.00153680,  0.00488281
 0.00153700,  0.00366211
 0.00153720,  0.00274658
 0.00153740,  0.00244141
 0.00153760,  0.00061035
 0.00153780,  0.00030518
 0.00153800, -0.00061035
 0.00153820, -0.00244141
 0.00153840, -0.00366211
 0.00153860, -0.00549316
 0.00153880, -0.00732422
 0.00153900, -0.00885010
 0.00153920, -0.01007080
 0.00153940, -0.01068115
 0.00153960, -0.01190186
 0.00153980, -0.01251221
 0.00154000, -0.01312256
 0.00154020, -0.01434326
 0.00154040, -0.01373291
 0.00154060, -0.01556396
 0.00154080, -0.01678467
 0.00154100, -0.01770020
 0.00154120, -0.01800537
 0.00154140, -0.01770020
 0.00154160, -0.01647949
 0.00154180, -0.01647949
 0.00154200, -0.01708984
 0.00154220, -0.01464844
 0.00154240, -0.01586914
 0.00154260, -0.01525879
 0.00154280, -0.01495361
 0.00154300, -0.01342773
 0.00154320, -0.01342773
 0.00154340, -0.01403809
 0.00154360, -0.01251221
 0.00154380, -0.01251221
 0.00154400, -0.01220703
 0.00154420, -0.01190186
 0.00154440, -0.01159668
 0.00154460, -0.01159668
 0.00154480, -0.01129150
 0.00154500, -0.01251221
 0.00154520, -0.01342773
 0.00154540, -0.01434326
 0.00154560, -0.01434326
 0.00154580, -0.01586914
 0.00154600, -0.01647949
 0.00154620, -0.01586914
 0.00154640, -0.01647949
 0.00154660, -0.01586914
 0.00154680, -0.01434326
 0.00154700, -0.01281738
 0.00154720, -0.01251221
 0.00154740, -0.01159668
 0.00154760, -0.01129150
 0.00154780, -0.01068115
 0.00154800, -0.01037598
 0.00154820, -0.01007080
 0.00154840, -0.01037598
 0.00154860, -0.00946045
 0.00154880, -0.00823975
 0.00154900, -0.00701904
 0.00154920, -0.00518799
 0.00154940, -0.00274658
 0.00154960, -0.00091553
 0.00154980,  0.00030518
 0.00155000,  0.00152588
 0.00155020,  0.00183105
 0.00155040,  0.00152588
 0.00155060,  0.00152588
 0.00155080,  0.00152588
 0.00155100,  0.00152588
 0.00155120,  0.00152588
 0.00155140,  0.00274658
 0.00155160,  0.00396729
 0.00155180,  0.00518799
 0.00155200,  0.00701904
 0.00155220,  0.00762939
 0.00155240,  0.00854492
 0.00155260,  0.00946045
 0.00155280,  0.00976563
 0.00155300,  0.00946045
 0.00155320,  0.00946045
 0.00155340,  0.00885010
 0.00155360,  0.00762939
 0.00155380,  0.00762939
 0.00155400,  0.00762939
 0.00155420,  0.00762939
 0.00155440,  0.00854492
 0.00155460,  0.00946045
 0.00155480,  0.01068115
 0.00155500,  0.01190186
 0.00155520,  0.01220703
 0.00155540,  0.01312256
 0.00155560,  0.01373291
 0.00155580,  0.01464844
 0.00155600,  0.01525879
 0.00155620,  0.01556396
 0.00155640,  0.01647949
 0.00155660,  0.01617432
 0.00155680,  0.01525879
 0.00155700,  0.01556396
 0.00155720,  0.01586914
 0.00155740,  0.01586914
 0.00155760,  0.01647949
 0.00155780,  0.01647949
 0.00155800,  0.01708984
 0.00155820,  0.01770020
 0.00155840,  0.01861572
 0.00155860,  0.01922607
 0.00155880,  0.01953125
 0.00155900,  0.01892090
 0.00155920,  0.01800537
 0.00155940,  0.01647949
 0.00155960,  0.01464844
 0.00155980,  0.01373291
 0.00156000,  0.01220703
 0.00156020,  0.01159668
 0.00156040,  0.01098633
 0.00156060,  0.01098633
 0.00156080,  0.01129150
 0.00156100,  0.01129150
 0.00156120,  0.01129150
 0.00156140,  0.00915527
 0.00156160,  0.00793457
 0.00156180,  0.00549316
 0.00156200,  0.00427246
 0.00156220,  0.00122070
 0.00156240,  0.00000000
 0.00156260, -0.00122070
 0.00156280, -0.00152588
 0.00156300, -0.00213623
 0.00156320, -0.00274658
 0.00156340, -0.00274658
 0.00156360, -0.00213623
 0.00156380, -0.00213623
 0.00156400, -0.00335693
 0.00156420, -0.00335693
 0.00156440, -0.00366211
 0.00156460, -0.00305176
 0.00156480, -0.00244141
 0.00156500, -0.00213623
 0.00156520, -0.00244141
 0.00156540, -0.00183105
 0.00156560, -0.00183105
 0.00156580, -0.00213623
 0.00156600, -0.00244141
 0.00156620, -0.00366211
 0.00156640, -0.00427246
 0.00156660, -0.00457764
 0.00156680, -0.00549316
 0.00156700, -0.00518799
 0.00156720, -0.00549316
 0.00156740, -0.00518799
 0.00156760, -0.00579834
 0.00156780, -0.00640869
 0.00156800, -0.00732422
 0.00156820, -0.00854492
 0.00156840, -0.00946045
 0.00156860, -0.01068115
 0.00156880, -0.01159668
 0.00156900, -0.01251221
 0.00156920, -0.01312256
 0.00156940, -0.01190186
 0.00156960, -0.01129150
 0.00156980, -0.01068115
 0.00157000, -0.00976563
 0.00157020, -0.00946045
 0.00157040, -0.00823975
 0.00157060, -0.00762939
 0.00157080, -0.00671387
 0.00157100, -0.00671387
 0.00157120, -0.00610352
 0.00157140, -0.00488281
 0.00157160, -0.00427246
 0.00157180, -0.00183105
 0.00157200, -0.00030518
 0.00157220,  0.00091553
 0.00157240,  0.00305176
 0.00157260,  0.00335693
 0.00157280,  0.00396729
 0.00157300,  0.00518799
 0.00157320,  0.00579834
 0.00157340,  0.00610352
 0.00157360,  0.00671387
 0.00157380,  0.00762939
 0.00157400,  0.00823975
 0.00157420,  0.00793457
 0.00157440,  0.00823975
 0.00157460,  0.00823975
 0.00157480,  0.00854492
 0.00157500,  0.00823975
 0.00157520,  0.00793457
 0.00157540,  0.00762939
 0.00157560,  0.00701904
 0.00157580,  0.00640869
 0.00157600,  0.00640869
 0.00157620,  0.00671387
 0.00157640,  0.00701904
 0.00157660,  0.00732422
 0.00157680,  0.00701904
 0.00157700,  0.00701904
 0.00157720,  0.00732422
 0.00157740,  0.00671387
 0.00157760,  0.00671387
 0.00157780,  0.00640869
 0.00157800,  0.00579834
 0.00157820,  0.00579834
 0.00157840,  0.00549316
 0.00157860,  0.00549316
 0.00157880,  0.00610352
 0.00157900,  0.00671387
 0.00157920,  0.00701904
 0.00157940,  0.00762939
 0.00157960,  0.00793457
 0.00157980,  0.00823975
 0.00158000,  0.00823975
 0.00158020,  0.00793457
 0.00158040,  0.00823975
 0.00158060,  0.00823975
 0.00158080,  0.00854492
 0.00158100,  0.00885010
 0.00158120,  0.00732422
 0.00158140,  0.00701904
 0.00158160,  0.00640869
 0.00158180,  0.00427246
 0.00158200,  0.00244141
 0.00158220,  0.00152588
 0.00158240,  0.00061035
 0.00158260, -0.00091553
 0.00158280, -0.00244141
 0.00158300, -0.00244141
 0.00158320, -0.00335693
 0.00158340, -0.00457764
 0.00158360, -0.00579834
 0.00158380, -0.00701904
 0.00158400, -0.00854492
 0.00158420, -0.01037598
 0.00158440, -0.01129150
 0.00158460, -0.01190186
 0.00158480, -0.01251221
 0.00158500, -0.01281738
 0.00158520, -0.01251221
 0.00158540, -0.01159668
 0.00158560, -0.01037598
 0.00158580, -0.00976563
 0.00158600, -0.00885010
 0.00158620, -0.00823975
 0.00158640, -0.00762939
 0.00158660, -0.00701904
 0.00158680, -0.00671387
 0.00158700, -0.00610352
 0.00158720, -0.00640869
 0.00158740, -0.00610352
 0.00158760, -0.00518799
 0.00158780, -0.00518799
 0.00158800, -0.00518799
 0.00158820, -0.00457764
 0.00158840, -0.00427246
 0.00158860, -0.00396729
 0.00158880, -0.00488281
 0.00158900, -0.00579834
 0.00158920, -0.00640869
 0.00158940, -0.00671387
 0.00158960, -0.00762939
 0.00158980, -0.00823975
 0.00159000, -0.00885010
 0.00159020, -0.00976563
 0.00159040, -0.01007080
 0.00159060, -0.01037598
 0.00159080, -0.01068115
 0.00159100, -0.01129150
 0.00159120, -0.01159668
 0.00159140, -0.01159668
 0.00159160, -0.01159668
 0.00159180, -0.01190186
 0.00159200, -0.01159668
 0.00159220, -0.01098633
 0.00159240, -0.01037598
 0.00159260, -0.01007080
 0.00159280, -0.00946045
 0.00159300, -0.00885010
 0.00159320, -0.00823975
 0.00159340, -0.00885010
 0.00159360, -0.00823975
 0.00159380, -0.00823975
 0.00159400, -0.00732422
 0.00159420, -0.00793457
 0.00159440, -0.00701904
 0.00159460, -0.00640869
 0.00159480, -0.00549316
 0.00159500, -0.00549316
 0.00159520, -0.00579834
 0.00159540, -0.00640869
 0.00159560, -0.00701904
 0.00159580, -0.00793457
 0.00159600, -0.00823975
 0.00159620, -0.00854492
 0.00159640, -0.00793457
 0.00159660, -0.00701904
 0.00159680, -0.00701904
 0.00159700, -0.00701904
 0.00159720, -0.00701904
 0.00159740, -0.00762939
 0.00159760, -0.00915527
 0.00159780, -0.00946045
 0.00159800, -0.01007080
 0.00159820, -0.01007080
 0.00159840, -0.01190186
 0.00159860, -0.01220703
 0.00159880, -0.01220703
 0.00159900, -0.01220703
 0.00159920, -0.01220703
 0.00159940, -0.01159668
 0.00159960, -0.01129150
 0.00159980, -0.01007080
 0.00160000, -0.00915527
 0.00160020, -0.01037598
 0.00160040, -0.01037598
 0.00160060, -0.00915527
 0.00160080, -0.00732422
 0.00160100, -0.00640869
 0.00160120, -0.00518799
 0.00160140, -0.00366211
 0.00160160, -0.00274658
 0.00160180, -0.00183105
 0.00160200, -0.00183105
 0.00160220, -0.00152588
 0.00160240, -0.00122070
 0.00160260, -0.00183105
 0.00160280, -0.00213623
 0.00160300, -0.00244141
 0.00160320, -0.00183105
 0.00160340, -0.00091553
 0.00160360, -0.00122070
 0.00160380, -0.00152588
 0.00160400, -0.00183105
 0.00160420, -0.00305176
 0.00160440, -0.00427246
 0.00160460, -0.00579834
 0.00160480, -0.00671387
 0.00160500, -0.00793457
 0.00160520, -0.00823975
 0.00160540, -0.00823975
 0.00160560, -0.00823975
 0.00160580, -0.00885010
 0.00160600, -0.00946045
 0.00160620, -0.01068115
 0.00160640, -0.01159668
 0.00160660, -0.01190186
 0.00160680, -0.01159668
 0.00160700, -0.01098633
 0.00160720, -0.01098633
 0.00160740, -0.01068115
 0.00160760, -0.00976563
 0.00160780, -0.00915527
 0.00160800, -0.00793457
 0.00160820, -0.00732422
 0.00160840, -0.00701904
 0.00160860, -0.00701904
 0.00160880, -0.00701904
 0.00160900, -0.00579834
 0.00160920, -0.00549316
 0.00160940, -0.00488281
 0.00160960, -0.00335693
 0.00160980, -0.00244141
 0.00161000, -0.00183105
 0.00161020, -0.00061035
 0.00161040, -0.00030518
 0.00161060, -0.00091553
 0.00161080, -0.00122070
 0.00161100, -0.00122070
 0.00161120, -0.00030518
 0.00161140, -0.00030518
 0.00161160,  0.00030518
 0.00161180,  0.00030518
 0.00161200, -0.00122070
 0.00161220, -0.00213623
 0.00161240, -0.00305176
 0.00161260, -0.00396729
 0.00161280, -0.00427246
 0.00161300, -0.00488281
 0.00161320, -0.00396729
 0.00161340, -0.00335693
 0.00161360, -0.00152588
 0.00161380,  0.00030518
 0.00161400,  0.00244141
 0.00161420,  0.00335693
 0.00161440,  0.00488281
 0.00161460,  0.00549316
 0.00161480,  0.00579834
 0.00161500,  0.00762939
 0.00161520,  0.00946045
 0.00161540,  0.01159668
 0.00161560,  0.01403809
 0.00161580,  0.01678467
 0.00161600,  0.01922607
 0.00161620,  0.02014160
 0.00161640,  0.02258301
 0.00161660,  0.02319336
 0.00161680,  0.02349854
 0.00161700,  0.02227783
 0.00161720,  0.02136230
 0.00161740,  0.02075195
 0.00161760,  0.02044678
 0.00161780,  0.02044678
 0.00161800,  0.02044678
 0.00161820,  0.02014160
 0.00161840,  0.01983643
 0.00161860,  0.01831055
 0.00161880,  0.01739502
 0.00161900,  0.01617432
 0.00161920,  0.01495361
 0.00161940,  0.01373291
 0.00161960,  0.01281738
 0.00161980,  0.01159668
 0.00162000,  0.01098633
 0.00162020,  0.01159668
 0.00162040,  0.01220703
 0.00162060,  0.01159668
 0.00162080,  0.01190186
 0.00162100,  0.01190186
 0.00162120,  0.01220703
 0.00162140,  0.01251221
 0.00162160,  0.01159668
 0.00162180,  0.01159668
 0.00162200,  0.01190186
 0.00162220,  0.01159668
 0.00162240,  0.01251221
 0.00162260,  0.01190186
 0.00162280,  0.01281738
 0.00162300,  0.01251221
 0.00162320,  0.01251221
 0.00162340,  0.01251221
 0.00162360,  0.01098633
 0.00162380,  0.00976563
 0.00162400,  0.00915527
 0.00162420,  0.00762939
 0.00162440,  0.00732422
 0.00162460,  0.00701904
 0.00162480,  0.00701904
 0.00162500,  0.00701904
 0.00162520,  0.00579834
 0.00162540,  0.00549316
 0.00162560,  0.00518799
 0.00162580,  0.00488281
 0.00162600,  0.00457764
 0.00162620,  0.00427246
 0.00162640,  0.00366211
 0.00162660,  0.00396729
 0.00162680,  0.00427246
 0.00162700,  0.00396729
 0.00162720,  0.00396729
 0.00162740,  0.00335693
 0.00162760,  0.00335693
 0.00162780,  0.00305176
 0.00162800,  0.00213623
 0.00162820,  0.00183105
 0.00162840,  0.00305176
 0.00162860,  0.00335693
 0.00162880,  0.00305176
 0.00162900,  0.00366211
 0.00162920,  0.00396729
 0.00162940,  0.00396729
 0.00162960,  0.00488281
 0.00162980,  0.00457764
 0.00163000,  0.00366211
 0.00163020,  0.00213623
 0.00163040,  0.00183105
 0.00163060,  0.00122070
 0.00163080,  0.00091553
 0.00163100,  0.00061035
 0.00163120,  0.00030518
 0.00163140, -0.00061035
 0.00163160, -0.00061035
 0.00163180, -0.00152588
 0.00163200, -0.00213623
 0.00163220, -0.00366211
 0.00163240, -0.00579834
 0.00163260, -0.00793457
 0.00163280, -0.00915527
 0.00163300, -0.00885010
 0.00163320, -0.00946045
 0.00163340, -0.00946045
 0.00163360, -0.00976563
 0.00163380, -0.01068115
 0.00163400, -0.01251221
 0.00163420, -0.01403809
 0.00163440, -0.01525879
 0.00163460, -0.01556396
 0.00163480, -0.01678467
 0.00163500, -0.01770020
 0.00163520, -0.01800537
 0.00163540, -0.01892090
 0.00163560, -0.01770020
 0.00163580, -0.01739502
 0.00163600, -0.01739502
 0.00163620, -0.01678467
 0.00163640, -0.01678467
 0.00163660, -0.01708984
 0.00163680, -0.01586914
 0.00163700, -0.01678467
 0.00163720, -0.01495361
 0.00163740, -0.01525879
 0.00163760, -0.01434326
 0.00163780, -0.01281738
 0.00163800, -0.01190186
 0.00163820, -0.01159668
 0.00163840, -0.01098633
 0.00163860, -0.01037598
 0.00163880, -0.01068115
 0.00163900, -0.00976563
 0.00163920, -0.00915527
 0.00163940, -0.00823975
 0.00163960, -0.00823975
 0.00163980, -0.00732422
 0.00164000, -0.00701904
 0.00164020, -0.00701904
 0.00164040, -0.00701904
 0.00164060, -0.00701904
 0.00164080, -0.00640869
 0.00164100, -0.00579834
 0.00164120, -0.00457764
 0.00164140, -0.00366211
 0.00164160, -0.00366211
 0.00164180, -0.00244141
 0.00164200, -0.00091553
 0.00164220,  0.00030518
 0.00164240,  0.00091553
 0.00164260,  0.00122070
 0.00164280,  0.00274658
 0.00164300,  0.00427246
 0.00164320,  0.00579834
 0.00164340,  0.00732422
 0.00164360,  0.00854492
 0.00164380,  0.00976563
 0.00164400,  0.01159668
 0.00164420,  0.01220703
 0.00164440,  0.01342773
 0.00164460,  0.01373291
 0.00164480,  0.01403809
 0.00164500,  0.01373291
 0.00164520,  0.01373291
 0.00164540,  0.01434326
 0.00164560,  0.01434326
 0.00164580,  0.01342773
 0.00164600,  0.01403809
 0.00164620,  0.01342773
 0.00164640,  0.01373291
 0.00164660,  0.01373291
 0.00164680,  0.01342773
 0.00164700,  0.01251221
 0.00164720,  0.01251221
 0.00164740,  0.01068115
 0.00164760,  0.01068115
 0.00164780,  0.00976563
 0.00164800,  0.00946045
 0.00164820,  0.00854492
 0.00164840,  0.00823975
 0.00164860,  0.00823975
 0.00164880,  0.00732422
 0.00164900,  0.00732422
 0.00164920,  0.00793457
 0.00164940,  0.00762939
 0.00164960,  0.00762939
 0.00164980,  0.00701904
 0.00165000,  0.00762939
 0.00165020,  0.00823975
 0.00165040,  0.00793457
 0.00165060,  0.00701904
 0.00165080,  0.00732422
 0.00165100,  0.00732422
 0.00165120,  0.00823975
 0.00165140,  0.00793457
 0.00165160,  0.00701904
 0.00165180,  0.00671387
 0.00165200,  0.00610352
 0.00165220,  0.00518799
 0.00165240,  0.00396729
 0.00165260,  0.00305176
 0.00165280,  0.00183105
 0.00165300,  0.00030518
 0.00165320, -0.00091553
 0.00165340, -0.00213623
 0.00165360, -0.00274658
 0.00165380, -0.00366211
 0.00165400, -0.00335693
 0.00165420, -0.00396729
 0.00165440, -0.00396729
 0.00165460, -0.00457764
 0.00165480, -0.00549316
 0.00165500, -0.00579834
 0.00165520, -0.00610352
 0.00165540, -0.00640869
 0.00165560, -0.00640869
 0.00165580, -0.00671387
 0.00165600, -0.00671387
 0.00165620, -0.00610352
 0.00165640, -0.00579834
 0.00165660, -0.00671387
 0.00165680, -0.00610352
 0.00165700, -0.00701904
 0.00165720, -0.00823975
 0.00165740, -0.00854492
 0.00165760, -0.00854492
 0.00165780, -0.00915527
 0.00165800, -0.00946045
 0.00165820, -0.00885010
 0.00165840, -0.00854492
 0.00165860, -0.00793457
 0.00165880, -0.00793457
 0.00165900, -0.00732422
 0.00165920, -0.00762939
 0.00165940, -0.00762939
 0.00165960, -0.00793457
 0.00165980, -0.00854492
 0.00166000, -0.00915527
 0.00166020, -0.01068115
 0.00166040, -0.01129150
 0.00166060, -0.01251221
 0.00166080, -0.01342773
 0.00166100, -0.01342773
 0.00166120, -0.01373291
 0.00166140, -0.01495361
 0.00166160, -0.01495361
 0.00166180, -0.01556396
 0.00166200, -0.01739502
 0.00166220, -0.01708984
 0.00166240, -0.01892090
 0.00166260, -0.01953125
 0.00166280, -0.01892090
 0.00166300, -0.01831055
 0.00166320, -0.01800537
 0.00166340, -0.01739502
 0.00166360, -0.01708984
 0.00166380, -0.01678467
 0.00166400, -0.01617432
 0.00166420, -0.01800537
 0.00166440, -0.01708984
 0.00166460, -0.01800537
 0.00166480, -0.01708984
 0.00166500, -0.01739502
 0.00166520, -0.01556396
 0.00166540, -0.01495361
 0.00166560, -0.01434326
 0.00166580, -0.01464844
 0.00166600, -0.01464844
 0.00166620, -0.01464844
 0.00166640, -0.01464844
 0.00166660, -0.01525879
 0.00166680, -0.01464844
 0.00166700, -0.01617432
 0.00166720, -0.01586914
 0.00166740, -0.01647949
 0.00166760, -0.01678467
 0.00166780, -0.01617432
 0.00166800, -0.01617432
 0.00166820, -0.01434326
 0.00166840, -0.01190186
 0.00166860, -0.01037598
 0.00166880, -0.01098633
 0.00166900, -0.01068115
 0.00166920, -0.01129150
 0.00166940, -0.01251221
 0.00166960, -0.01373291
 0.00166980, -0.01403809
 0.00167000, -0.01464844
 0.00167020, -0.01495361
 0.00167040, -0.01464844
 0.00167060, -0.01312256
 0.00167080, -0.01190186
 0.00167100, -0.01037598
 0.00167120, -0.00823975
 0.00167140, -0.00762939
 0.00167160, -0.00701904
 0.00167180, -0.00671387
 0.00167200, -0.00610352
 0.00167220, -0.00671387
 0.00167240, -0.00610352
 0.00167260, -0.00488281
 0.00167280, -0.00274658
 0.00167300, -0.00122070
 0.00167320,  0.00091553
 0.00167340,  0.00213623
 0.00167360,  0.00244141
 0.00167380,  0.00213623
 0.00167400,  0.00152588
 0.00167420,  0.00152588
 0.00167440,  0.00091553
 0.00167460,  0.00122070
 0.00167480,  0.00152588
 0.00167500,  0.00152588
 0.00167520,  0.00152588
 0.00167540,  0.00183105
 0.00167560,  0.00213623
 0.00167580,  0.00183105
 0.00167600,  0.00000000
 0.00167620, -0.00061035
 0.00167640, -0.00213623
 0.00167660, -0.00244141
 0.00167680, -0.00183105
 0.00167700, -0.00152588
 0.00167720,  0.00000000
 0.00167740,  0.00091553
 0.00167760,  0.00244141
 0.00167780,  0.00335693
 0.00167800,  0.00488281
 0.00167820,  0.00518799
 0.00167840,  0.00610352
 0.00167860,  0.00701904
 0.00167880,  0.00732422
 0.00167900,  0.00823975
 0.00167920,  0.01037598
 0.00167940,  0.01190186
 0.00167960,  0.01373291
 0.00167980,  0.01495361
 0.00168000,  0.01617432
 0.00168020,  0.01770020
 0.00168040,  0.01831055
 0.00168060,  0.01861572
 0.00168080,  0.01922607
 0.00168100,  0.01861572
 0.00168120,  0.01708984
 0.00168140,  0.01739502
 0.00168160,  0.01708984
 0.00168180,  0.01739502
 0.00168200,  0.01800537
 0.00168220,  0.01922607
 0.00168240,  0.02014160
 0.00168260,  0.01983643
 0.00168280,  0.02014160
 0.00168300,  0.01892090
 0.00168320,  0.01770020
 0.00168340,  0.01647949
 0.00168360,  0.01495361
 0.00168380,  0.01403809
 0.00168400,  0.01434326
 0.00168420,  0.01495361
 0.00168440,  0.01617432
 0.00168460,  0.01678467
 0.00168480,  0.01800537
 0.00168500,  0.01831055
 0.00168520,  0.01922607
 0.00168540,  0.01892090
 0.00168560,  0.01770020
 0.00168580,  0.01647949
 0.00168600,  0.01556396
 0.00168620,  0.01617432
 0.00168640,  0.01708984
 0.00168660,  0.01800537
 0.00168680,  0.01953125
 0.00168700,  0.01953125
 0.00168720,  0.02136230
 0.00168740,  0.02136230
 0.00168760,  0.02105713
 0.00168780,  0.02044678
 0.00168800,  0.01922607
 0.00168820,  0.01800537
 0.00168840,  0.01678467
 0.00168860,  0.01647949
 0.00168880,  0.01647949
 0.00168900,  0.01556396
 0.00168920,  0.01464844
 0.00168940,  0.01281738
 0.00168960,  0.01068115
 0.00168980,  0.00946045
 0.00169000,  0.00762939
 0.00169020,  0.00579834
 0.00169040,  0.00427246
 0.00169060,  0.00305176
 0.00169080,  0.00213623
 0.00169100,  0.00213623
 0.00169120,  0.00213623
 0.00169140,  0.00183105
 0.00169160,  0.00091553
 0.00169180, -0.00061035
 0.00169200, -0.00213623
 0.00169220, -0.00305176
 0.00169240, -0.00457764
 0.00169260, -0.00488281
 0.00169280, -0.00457764
 0.00169300, -0.00366211
 0.00169320, -0.00305176
 0.00169340, -0.00244141
 0.00169360, -0.00274658
 0.00169380, -0.00335693
 0.00169400, -0.00518799
 0.00169420, -0.00640869
 0.00169440, -0.00762939
 0.00169460, -0.00885010
 0.00169480, -0.00946045
 0.00169500, -0.00885010
 0.00169520, -0.00793457
 0.00169540, -0.00762939
 0.00169560, -0.00732422
 0.00169580, -0.00701904
 0.00169600, -0.00762939
 0.00169620, -0.00732422
 0.00169640, -0.00823975
 0.00169660, -0.00854492
 0.00169680, -0.00946045
 0.00169700, -0.00915527
 0.00169720, -0.00885010
 0.00169740, -0.00854492
 0.00169760, -0.00793457
 0.00169780, -0.00915527
 0.00169800, -0.00976563
 0.00169820, -0.01037598
 0.00169840, -0.01037598
 0.00169860, -0.01098633
 0.00169880, -0.01159668
 0.00169900, -0.01159668
 0.00169920, -0.01068115
 0.00169940, -0.01007080
 0.00169960, -0.00793457
 0.00169980, -0.00671387
 0.00170000, -0.00518799
 0.00170020, -0.00457764
 0.00170040, -0.00457764
 0.00170060, -0.00366211
 0.00170080, -0.00274658
 0.00170100, -0.00183105
 0.00170120, -0.00030518
 0.00170140,  0.00091553
 0.00170160,  0.00244141
 0.00170180,  0.00335693
 0.00170200,  0.00427246
 0.00170220,  0.00457764
 0.00170240,  0.00427246
 0.00170260,  0.00305176
 0.00170280,  0.00122070
 0.00170300,  0.00030518
 0.00170320, -0.00091553
 0.00170340, -0.00122070
 0.00170360, -0.00152588
 0.00170380, -0.00122070
 0.00170400, -0.00152588
 0.00170420, -0.00183105
 0.00170440, -0.00305176
 0.00170460, -0.00396729
 0.00170480, -0.00518799
 0.00170500, -0.00671387
 0.00170520, -0.00854492
 0.00170540, -0.00915527
 0.00170560, -0.01007080
 0.00170580, -0.01037598
 0.00170600, -0.00976563
 0.00170620, -0.01068115
 0.00170640, -0.01190186
 0.00170660, -0.01190186
 0.00170680, -0.01251221
 0.00170700, -0.01159668
 0.00170720, -0.01251221
 0.00170740, -0.01312256
 0.00170760, -0.01342773
 0.00170780, -0.01312256
 0.00170800, -0.01098633
 0.00170820, -0.01098633
 0.00170840, -0.00976563
 0.00170860, -0.00854492
 0.00170880, -0.00762939
 0.00170900, -0.00640869
 0.00170920, -0.00579834
 0.00170940, -0.00518799
 0.00170960, -0.00518799
 0.00170980, -0.00518799
 0.00171000, -0.00488281
 0.00171020, -0.00488281
 0.00171040, -0.00488281
 0.00171060, -0.00488281
 0.00171080, -0.00488281
 0.00171100, -0.00457764
 0.00171120, -0.00427246
 0.00171140, -0.00396729
 0.00171160, -0.00366211
 0.00171180, -0.00335693
 0.00171200, -0.00427246
 0.00171220, -0.00518799
 0.00171240, -0.00518799
 0.00171260, -0.00549316
 0.00171280, -0.00488281
 0.00171300, -0.00488281
 0.00171320, -0.00396729
 0.00171340, -0.00335693
 0.00171360, -0.00183105
 0.00171380, -0.00183105
 0.00171400, -0.00122070
 0.00171420, -0.00122070
 0.00171440, -0.00122070
 0.00171460, -0.00091553
 0.00171480,  0.00000000
 0.00171500,  0.00061035
 0.00171520,  0.00274658
 0.00171540,  0.00427246
 0.00171560,  0.00579834
 0.00171580,  0.00701904
 0.00171600,  0.00793457
 0.00171620,  0.00823975
 0.00171640,  0.00854492
 0.00171660,  0.00793457
 0.00171680,  0.00701904
 0.00171700,  0.00640869
 0.00171720,  0.00549316
 0.00171740,  0.00488281
 0.00171760,  0.00488281
 0.00171780,  0.00488281
 0.00171800,  0.00549316
 0.00171820,  0.00518799
 0.00171840,  0.00488281
 0.00171860,  0.00396729
 0.00171880,  0.00305176
 0.00171900,  0.00213623
 0.00171920,  0.00000000
 0.00171940, -0.00091553
 0.00171960, -0.00152588
 0.00171980, -0.00213623
 0.00172000, -0.00244141
 0.00172020, -0.00244141
 0.00172040, -0.00152588
 0.00172060, -0.00152588
 0.00172080, -0.00122070
 0.00172100, -0.00152588
 0.00172120, -0.00213623
 0.00172140, -0.00274658
 0.00172160, -0.00366211
 0.00172180, -0.00457764
 0.00172200, -0.00488281
 0.00172220, -0.00549316
 0.00172240, -0.00427246
 0.00172260, -0.00396729
 0.00172280, -0.00335693
 0.00172300, -0.00427246
 0.00172320, -0.00396729
 0.00172340, -0.00427246
 0.00172360, -0.00549316
 0.00172380, -0.00671387
 0.00172400, -0.00762939
 0.00172420, -0.00762939
 0.00172440, -0.00762939
 0.00172460, -0.00671387
 0.00172480, -0.00610352
 0.00172500, -0.00518799
 0.00172520, -0.00488281
 0.00172540, -0.00488281
 0.00172560, -0.00549316
 0.00172580, -0.00701904
 0.00172600, -0.00762939
 0.00172620, -0.00732422
 0.00172640, -0.00732422
 0.00172660, -0.00701904
 0.00172680, -0.00640869
 0.00172700, -0.00549316
 0.00172720, -0.00457764
 0.00172740, -0.00396729
 0.00172760, -0.00457764
 0.00172780, -0.00640869
 0.00172800, -0.00762939
 0.00172820, -0.00854492
 0.00172840, -0.00885010
 0.00172860, -0.00854492
 0.00172880, -0.00823975
 0.00172900, -0.00701904
 0.00172920, -0.00488281
 0.00172940, -0.00457764
 0.00172960, -0.00396729
 0.00172980, -0.00335693
 0.00173000, -0.00396729
 0.00173020, -0.00518799
 0.00173040, -0.00549316
 0.00173060, -0.00579834
 0.00173080, -0.00579834
 0.00173100, -0.00518799
 0.00173120, -0.00457764
 0.00173140, -0.00335693
 0.00173160, -0.00213623
 0.00173180, -0.00152588
 0.00173200, -0.00152588
 0.00173220, -0.00152588
 0.00173240, -0.00213623
 0.00173260, -0.00213623
 0.00173280, -0.00366211
 0.00173300, -0.00488281
 0.00173320, -0.00488281
 0.00173340, -0.00457764
 0.00173360, -0.00488281
 0.00173380, -0.00549316
 0.00173400, -0.00549316
 0.00173420, -0.00610352
 0.00173440, -0.00671387
 0.00173460, -0.00762939
 0.00173480, -0.00823975
 0.00173500, -0.00915527
 0.00173520, -0.00915527
 0.00173540, -0.00885010
 0.00173560, -0.00854492
 0.00173580, -0.00854492
 0.00173600, -0.00823975
 0.00173620, -0.00823975
 0.00173640, -0.00885010
 0.00173660, -0.00823975
 0.00173680, -0.00854492
 0.00173700, -0.00701904
 0.00173720, -0.00671387
 0.00173740, -0.00579834
 0.00173760, -0.00457764
 0.00173780, -0.00305176
 0.00173800, -0.00183105
 0.00173820, -0.00091553
 0.00173840, -0.00091553
 0.00173860, -0.00091553
 0.00173880, -0.00152588
 0.00173900, -0.00213623
 0.00173920, -0.00274658
 0.00173940, -0.00244141
 0.00173960, -0.00183105
 0.00173980, -0.00091553
 0.00174000,  0.00061035
 0.00174020,  0.00183105
 0.00174040,  0.00244141
 0.00174060,  0.00305176
 0.00174080,  0.00244141
 0.00174100,  0.00244141
 0.00174120,  0.00183105
 0.00174140,  0.00122070
 0.00174160,  0.00244141
 0.00174180,  0.00244141
 0.00174200,  0.00396729
 0.00174220,  0.00549316
 0.00174240,  0.00610352
 0.00174260,  0.00671387
 0.00174280,  0.00610352
 0.00174300,  0.00457764
 0.00174320,  0.00335693
 0.00174340,  0.00244141
 0.00174360,  0.00213623
 0.00174380,  0.00091553
 0.00174400,  0.00122070
 0.00174420,  0.00335693
 0.00174440,  0.00579834
 0.00174460,  0.00610352
 0.00174480,  0.00640869
 0.00174500,  0.00549316
 0.00174520,  0.00488281
 0.00174540,  0.00396729
 0.00174560,  0.00244141
 0.00174580,  0.00122070
 0.00174600,  0.00061035
 0.00174620,  0.00152588
 0.00174640,  0.00244141
 0.00174660,  0.00427246
 0.00174680,  0.00640869
 0.00174700,  0.00793457
 0.00174720,  0.00915527
 0.00174740,  0.00915527
 0.00174760,  0.00823975
 0.00174780,  0.00701904
 0.00174800,  0.00701904
 0.00174820,  0.00610352
 0.00174840,  0.00579834
 0.00174860,  0.00640869
 0.00174880,  0.00732422
 0.00174900,  0.00854492
 0.00174920,  0.00946045
 0.00174940,  0.00885010
 0.00174960,  0.00854492
 0.00174980,  0.00732422
 0.00175000,  0.00610352
 0.00175020,  0.00518799
 0.00175040,  0.00488281
 0.00175060,  0.00518799
 0.00175080,  0.00610352
 0.00175100,  0.00701904
 0.00175120,  0.00793457
 0.00175140,  0.00823975
 0.00175160,  0.00701904
 0.00175180,  0.00610352
 0.00175200,  0.00427246
 0.00175220,  0.00274658
 0.00175240,  0.00244141
 0.00175260,  0.00152588
 0.00175280,  0.00122070
 0.00175300,  0.00213623
 0.00175320,  0.00305176
 0.00175340,  0.00396729
 0.00175360,  0.00488281
 0.00175380,  0.00549316
 0.00175400,  0.00579834
 0.00175420,  0.00549316
 0.00175440,  0.00518799
 0.00175460,  0.00427246
 0.00175480,  0.00488281
 0.00175500,  0.00579834
 0.00175520,  0.00762939
 0.00175540,  0.00823975
 0.00175560,  0.00976563
 0.00175580,  0.00976563
 0.00175600,  0.01068115
 0.00175620,  0.01037598
 0.00175640,  0.01037598
 0.00175660,  0.00946045
 0.00175680,  0.00854492
 0.00175700,  0.00823975
 0.00175720,  0.00793457
 0.00175740,  0.00762939
 0.00175760,  0.00732422
 0.00175780,  0.00640869
 0.00175800,  0.00488281
 0.00175820,  0.00366211
 0.00175840,  0.00244141
 0.00175860,  0.00122070
 0.00175880,  0.00000000
 0.00175900, -0.00091553
 0.00175920, -0.00183105
 0.00175940, -0.00183105
 0.00175960, -0.00122070
 0.00175980,  0.00000000
 0.00176000,  0.00030518
 0.00176020,  0.00061035
 0.00176040,  0.00213623
 0.00176060,  0.00213623
 0.00176080,  0.00274658
 0.00176100,  0.00335693
 0.00176120,  0.00366211
 0.00176140,  0.00427246
 0.00176160,  0.00518799
 0.00176180,  0.00579834
 0.00176200,  0.00671387
 0.00176220,  0.00823975
 0.00176240,  0.00915527
 0.00176260,  0.01037598
 0.00176280,  0.01098633
 0.00176300,  0.01098633
 0.00176320,  0.01098633
 0.00176340,  0.01068115
 0.00176360,  0.00946045
 0.00176380,  0.00946045
 0.00176400,  0.00885010
 0.00176420,  0.00732422
 0.00176440,  0.00671387
 0.00176460,  0.00549316
 0.00176480,  0.00457764
 0.00176500,  0.00305176
 0.00176520,  0.00152588
 0.00176540,  0.00000000
 0.00176560, -0.00274658
 0.00176580, -0.00396729
 0.00176600, -0.00549316
 0.00176620, -0.00579834
 0.00176640, -0.00701904
 0.00176660, -0.00793457
 0.00176680, -0.00823975
 0.00176700, -0.00762939
 0.00176720, -0.00793457
 0.00176740, -0.00793457
 0.00176760, -0.00885010
 0.00176780, -0.00793457
 0.00176800, -0.00762939
 0.00176820, -0.00610352
 0.00176840, -0.00518799
 0.00176860, -0.00427246
 0.00176880, -0.00335693
 0.00176900, -0.00152588
 0.00176920, -0.00061035
 0.00176940, -0.00030518
 0.00176960,  0.00000000
 0.00176980, -0.00091553
 0.00177000, -0.00122070
 0.00177020, -0.00213623
 0.00177040, -0.00274658
 0.00177060, -0.00335693
 0.00177080, -0.00518799
 0.00177100, -0.00579834
 0.00177120, -0.00762939
 0.00177140, -0.00976563
 0.00177160, -0.01068115
 0.00177180, -0.01159668
 0.00177200, -0.01403809
 0.00177220, -0.01586914
 0.00177240, -0.01678467
 0.00177260, -0.01861572
 0.00177280, -0.02075195
 0.00177300, -0.02227783
 0.00177320, -0.02288818
 0.00177340, -0.02319336
 0.00177360, -0.02380371
 0.00177380, -0.02410889
 0.00177400, -0.02410889
 0.00177420, -0.02319336
 0.00177440, -0.02197266
 0.00177460, -0.02044678
 0.00177480, -0.02014160
 0.00177500, -0.01861572
 0.00177520, -0.01770020
 0.00177540, -0.01708984
 0.00177560, -0.01464844
 0.00177580, -0.01373291
 0.00177600, -0.01220703
 0.00177620, -0.01007080
 0.00177640, -0.00762939
 0.00177660, -0.00579834
 0.00177680, -0.00396729
 0.00177700, -0.00152588
 0.00177720,  0.00030518
 0.00177740,  0.00152588
 0.00177760,  0.00274658
 0.00177780,  0.00274658
 0.00177800,  0.00335693
 0.00177820,  0.00335693
 0.00177840,  0.00152588
 0.00177860,  0.00000000
 0.00177880, -0.00152588
 0.00177900, -0.00305176
 0.00177920, -0.00518799
 0.00177940, -0.00732422
 0.00177960, -0.00793457
 0.00177980, -0.00823975
 0.00178000, -0.00885010
 0.00178020, -0.00885010
 0.00178040, -0.00823975
 0.00178060, -0.00762939
 0.00178080, -0.00640869
 0.00178100, -0.00640869
 0.00178120, -0.00579834
 0.00178140, -0.00549316
 0.00178160, -0.00457764
 0.00178180, -0.00366211
 0.00178200, -0.00305176
 0.00178220, -0.00183105
 0.00178240,  0.00000000
 0.00178260,  0.00183105
 0.00178280,  0.00274658
 0.00178300,  0.00396729
 0.00178320,  0.00518799
 0.00178340,  0.00518799
 0.00178360,  0.00549316
 0.00178380,  0.00579834
 0.00178400,  0.00579834
 0.00178420,  0.00579834
 0.00178440,  0.00457764
 0.00178460,  0.00518799
 0.00178480,  0.00488281
 0.00178500,  0.00427246
 0.00178520,  0.00366211
 0.00178540,  0.00335693
 0.00178560,  0.00152588
 0.00178580, -0.00061035
 0.00178600, -0.00152588
 0.00178620, -0.00274658
 0.00178640, -0.00427246
 0.00178660, -0.00549316
 0.00178680, -0.00579834
 0.00178700, -0.00640869
 0.00178720, -0.00640869
 0.00178740, -0.00732422
 0.00178760, -0.00701904
 0.00178780, -0.00793457
 0.00178800, -0.00915527
 0.00178820, -0.01037598
 0.00178840, -0.01037598
 0.00178860, -0.01037598
 0.00178880, -0.01007080
 0.00178900, -0.00701904
 0.00178920, -0.00518799
 0.00178940, -0.00274658
 0.00178960, -0.00061035
 0.00178980,  0.00122070
 0.00179000,  0.00183105
 0.00179020,  0.00213623
 0.00179040,  0.00183105
 0.00179060,  0.00213623
 0.00179080,  0.00213623
 0.00179100,  0.00244141
 0.00179120,  0.00427246
 0.00179140,  0.00671387
 0.00179160,  0.00793457
 0.00179180,  0.00915527
 0.00179200,  0.00915527
 0.00179220,  0.00854492
 0.00179240,  0.00762939
 0.00179260,  0.00549316
 0.00179280,  0.00335693
 0.00179300,  0.00091553
 0.00179320, -0.00061035
 0.00179340, -0.00030518
 0.00179360, -0.00091553
 0.00179380, -0.00061035
 0.00179400, -0.00030518
 0.00179420,  0.00091553
 0.00179440,  0.00030518
 0.00179460, -0.00061035
 0.00179480, -0.00091553
 0.00179500, -0.00152588
 0.00179520, -0.00183105
 0.00179540, -0.00122070
 0.00179560, -0.00030518
 0.00179580,  0.00152588
 0.00179600,  0.00335693
 0.00179620,  0.00549316
 0.00179640,  0.00671387
 0.00179660,  0.00732422
 0.00179680,  0.00885010
 0.00179700,  0.00854492
 0.00179720,  0.00793457
 0.00179740,  0.00732422
 0.00179760,  0.00671387
 0.00179780,  0.00762939
 0.00179800,  0.00823975
 0.00179820,  0.00823975
 0.00179840,  0.00915527
 0.00179860,  0.01037598
 0.00179880,  0.01037598
 0.00179900,  0.00885010
 0.00179920,  0.00762939
 0.00179940,  0.00610352
 0.00179960,  0.00427246
 0.00179980,  0.00305176
 0.00180000,  0.00122070
 0.00180020, -0.00030518
 0.00180040, -0.00030518
 0.00180060, -0.00030518
 0.00180080,  0.00000000
 0.00180100,  0.00061035
 0.00180120,  0.00122070
 0.00180140,  0.00122070
 0.00180160,  0.00030518
 0.00180180, -0.00061035
 0.00180200, -0.00122070
 0.00180220, -0.00305176
 0.00180240, -0.00427246
 0.00180260, -0.00488281
 0.00180280, -0.00488281
 0.00180300, -0.00488281
 0.00180320, -0.00427246
 0.00180340, -0.00335693
 0.00180360, -0.00213623
 0.00180380, -0.00183105
 0.00180400, -0.00183105
 0.00180420, -0.00305176
 0.00180440, -0.00396729
 0.00180460, -0.00488281
 0.00180480, -0.00610352
 0.00180500, -0.00610352
 0.00180520, -0.00640869
 0.00180540, -0.00610352
 0.00180560, -0.00518799
 0.00180580, -0.00457764
 0.00180600, -0.00427246
 0.00180620, -0.00488281
 0.00180640, -0.00427246
 0.00180660, -0.00457764
 0.00180680, -0.00549316
 0.00180700, -0.00549316
 0.00180720, -0.00610352
 0.00180740, -0.00640869
 0.00180760, -0.00640869
 0.00180780, -0.00640869
 0.00180800, -0.00762939
 0.00180820, -0.00762939
 0.00180840, -0.00793457
 0.00180860, -0.00915527
 0.00180880, -0.00946045
 0.00180900, -0.01037598
 0.00180920, -0.01007080
 0.00180940, -0.00946045
 0.00180960, -0.00946045
 0.00180980, -0.00946045
 0.00181000, -0.00885010
 0.00181020, -0.00823975
 0.00181040, -0.00854492
 0.00181060, -0.00823975
 0.00181080, -0.00854492
 0.00181100, -0.00885010
 0.00181120, -0.00946045
 0.00181140, -0.00915527
 0.00181160, -0.00915527
 0.00181180, -0.00854492
 0.00181200, -0.00762939
 0.00181220, -0.00671387
 0.00181240, -0.00579834
 0.00181260, -0.00549316
 0.00181280, -0.00366211
 0.00181300, -0.00335693
 0.00181320, -0.00427246
 0.00181340, -0.00488281
 0.00181360, -0.00457764
 0.00181380, -0.00457764
 0.00181400, -0.00457764
 0.00181420, -0.00396729
 0.00181440, -0.00274658
 0.00181460, -0.00213623
 0.00181480, -0.00152588
 0.00181500, -0.00061035
 0.00181520, -0.00091553
 0.00181540, -0.00061035
 0.00181560, -0.00091553
 0.00181580, -0.00122070
 0.00181600, -0.00122070
 0.00181620, -0.00122070
 0.00181640, -0.00061035
 0.00181660,  0.00122070
 0.00181680,  0.00274658
 0.00181700,  0.00366211
 0.00181720,  0.00488281
 0.00181740,  0.00488281
 0.00181760,  0.00518799
 0.00181780,  0.00518799
 0.00181800,  0.00518799
 0.00181820,  0.00488281
 0.00181840,  0.00457764
 0.00181860,  0.00518799
 0.00181880,  0.00671387
 0.00181900,  0.00732422
 0.00181920,  0.00793457
 0.00181940,  0.00885010
 0.00181960,  0.00885010
 0.00181980,  0.00854492
 0.00182000,  0.00732422
 0.00182020,  0.00671387
 0.00182040,  0.00671387
 0.00182060,  0.00671387
 0.00182080,  0.00701904
 0.00182100,  0.00885010
 0.00182120,  0.01037598
 0.00182140,  0.01159668
 0.00182160,  0.01220703
 0.00182180,  0.01220703
 0.00182200,  0.01190186
 0.00182220,  0.01159668
 0.00182240,  0.01068115
 0.00182260,  0.01068115
 0.00182280,  0.00976563
 0.00182300,  0.00946045
 0.00182320,  0.00976563
 0.00182340,  0.01098633
 0.00182360,  0.01220703
 0.00182380,  0.01342773
 0.00182400,  0.01373291
 0.00182420,  0.01342773
 0.00182440,  0.01373291
 0.00182460,  0.01312256
 0.00182480,  0.01220703
 0.00182500,  0.01129150
 0.00182520,  0.01037598
 0.00182540,  0.00946045
 0.00182560,  0.00915527
 0.00182580,  0.00946045
 0.00182600,  0.00946045
 0.00182620,  0.00976563
 0.00182640,  0.01037598
 0.00182660,  0.01007080
 0.00182680,  0.00885010
 0.00182700,  0.00793457
 0.00182720,  0.00640869
 0.00182740,  0.00488281
 0.00182760,  0.00274658
 0.00182780,  0.00122070
 0.00182800,  0.00000000
 0.00182820, -0.00091553
 0.00182840, -0.00213623
 0.00182860, -0.00213623
 0.00182880, -0.00183105
 0.00182900, -0.00183105
 0.00182920, -0.00274658
 0.00182940, -0.00244141
 0.00182960, -0.00305176
 0.00182980, -0.00427246
 0.00183000, -0.00488281
 0.00183020, -0.00579834
 0.00183040, -0.00671387
 0.00183060, -0.00701904
 0.00183080, -0.00732422
 0.00183100, -0.00732422
 0.00183120, -0.00732422
 0.00183140, -0.00732422
 0.00183160, -0.00732422
 0.00183180, -0.00823975
 0.00183200, -0.00976563
 0.00183220, -0.01068115
 0.00183240, -0.01159668
 0.00183260, -0.01190186
 0.00183280, -0.01129150
 0.00183300, -0.01098633
 0.00183320, -0.00976563
 0.00183340, -0.00946045
 0.00183360, -0.00915527
 0.00183380, -0.00885010
 0.00183400, -0.00946045
 0.00183420, -0.01068115
 0.00183440, -0.01190186
 0.00183460, -0.01007080
 0.00183480, -0.01098633
 0.00183500, -0.01068115
 0.00183520, -0.00976563
 0.00183540, -0.00823975
 0.00183560, -0.00671387
 0.00183580, -0.00610352
 0.00183600, -0.00579834
 0.00183620, -0.00640869
 0.00183640, -0.00640869
 0.00183660, -0.00732422
 0.00183680, -0.00762939
 0.00183700, -0.00701904
 0.00183720, -0.00701904
 0.00183740, -0.00549316
 0.00183760, -0.00396729
 0.00183780, -0.00305176
 0.00183800, -0.00274658
 0.00183820, -0.00244141
 0.00183840, -0.00244141
 0.00183860, -0.00274658
 0.00183880, -0.00305176
 0.00183900, -0.00335693
 0.00183920, -0.00366211
 0.00183940, -0.00335693
 0.00183960, -0.00213623
 0.00183980, -0.00122070
 0.00184000,  0.00000000
 0.00184020,  0.00061035
 0.00184040,  0.00091553
 0.00184060,  0.00061035
 0.00184080,  0.00061035
 0.00184100,  0.00000000
 0.00184120,  0.00000000
 0.00184140, -0.00091553
 0.00184160, -0.00122070
 0.00184180, -0.00030518
 0.00184200,  0.00000000
 0.00184220,  0.00061035
 0.00184240,  0.00091553
 0.00184260,  0.00091553
 0.00184280,  0.00091553
 0.00184300,  0.00091553
 0.00184320,  0.00030518
 0.00184340,  0.00000000
 0.00184360,  0.00000000
 0.00184380,  0.00091553
 0.00184400,  0.00122070
 0.00184420,  0.00183105
 0.00184440,  0.00183105
 0.00184460,  0.00152588
 0.00184480,  0.00091553
 0.00184500,  0.00030518
 0.00184520,  0.00000000
 0.00184540, -0.00091553
 0.00184560, -0.00061035
 0.00184580,  0.00030518
 0.00184600,  0.00091553
 0.00184620,  0.00152588
 0.00184640,  0.00274658
 0.00184660,  0.00457764
 0.00184680,  0.00610352
 0.00184700,  0.00640869
 0.00184720,  0.00610352
 0.00184740,  0.00518799
 0.00184760,  0.00457764
 0.00184780,  0.00457764
 0.00184800,  0.00366211
 0.00184820,  0.00335693
 0.00184840,  0.00427246
 0.00184860,  0.00457764
 0.00184880,  0.00427246
 0.00184900,  0.00457764
 0.00184920,  0.00366211
 0.00184940,  0.00152588
 0.00184960, -0.00061035
 0.00184980, -0.00274658
 0.00185000, -0.00549316
 0.00185020, -0.00732422
 0.00185040, -0.00732422
 0.00185060, -0.00762939
 0.00185080, -0.00671387
 0.00185100, -0.00579834
 0.00185120, -0.00457764
 0.00185140, -0.00427246
 0.00185160, -0.00427246
 0.00185180, -0.00518799
 0.00185200, -0.00671387
 0.00185220, -0.00793457
 0.00185240, -0.00885010
 0.00185260, -0.00946045
 0.00185280, -0.00762939
 0.00185300, -0.00610352
 0.00185320, -0.00457764
 0.00185340, -0.00305176
 0.00185360, -0.00305176
 0.00185380, -0.00305176
 0.00185400, -0.00457764
 0.00185420, -0.00488281
 0.00185440, -0.00640869
 0.00185460, -0.00701904
 0.00185480, -0.00701904
 0.00185500, -0.00549316
 0.00185520, -0.00457764
 0.00185540, -0.00427246
 0.00185560, -0.00366211
 0.00185580, -0.00427246
 0.00185600, -0.00518799
 0.00185620, -0.00610352
 0.00185640, -0.00701904
 0.00185660, -0.00885010
 0.00185680, -0.01037598
 0.00185700, -0.01007080
 0.00185720, -0.01007080
 0.00185740, -0.00946045
 0.00185760, -0.00762939
 0.00185780, -0.00671387
 0.00185800, -0.00610352
 0.00185820, -0.00640869
 0.00185840, -0.00701904
 0.00185860, -0.00854492
 0.00185880, -0.00976563
 0.00185900, -0.00976563
 0.00185920, -0.01007080
 0.00185940, -0.00946045
 0.00185960, -0.00823975
 0.00185980, -0.00549316
 0.00186000, -0.00305176
 0.00186020, -0.00183105
 0.00186040, -0.00061035
 0.00186060, -0.00061035
 0.00186080, -0.00183105
 0.00186100, -0.00396729
 0.00186120, -0.00457764
 0.00186140, -0.00610352
 0.00186160, -0.00701904
 0.00186180, -0.00732422
 0.00186200, -0.00640869
 0.00186220, -0.00640869
 0.00186240, -0.00457764
 0.00186260, -0.00396729
 0.00186280, -0.00305176
 0.00186300, -0.00335693
 0.00186320, -0.00457764
 0.00186340, -0.00549316
 0.00186360, -0.00457764
 0.00186380, -0.00549316
 0.00186400, -0.00610352
 0.00186420, -0.00518799
 0.00186440, -0.00396729
 0.00186460, -0.00335693
 0.00186480, -0.00213623
 0.00186500, -0.00152588
 0.00186520, -0.00183105
 0.00186540, -0.00213623
 0.00186560, -0.00213623
 0.00186580, -0.00183105
 0.00186600, -0.00091553
 0.00186620,  0.00000000
 0.00186640,  0.00091553
 0.00186660,  0.00274658
 0.00186680,  0.00427246
 0.00186700,  0.00518799
 0.00186720,  0.00762939
 0.00186740,  0.00885010
 0.00186760,  0.00854492
 0.00186780,  0.00823975
 0.00186800,  0.00823975
 0.00186820,  0.00885010
 0.00186840,  0.00976563
 0.00186860,  0.01098633
 0.00186880,  0.01159668
 0.00186900,  0.01312256
 0.00186920,  0.01464844
 0.00186940,  0.01617432
 0.00186960,  0.01556396
 0.00186980,  0.01525879
 0.00187000,  0.01464844
 0.00187020,  0.01342773
 0.00187040,  0.01312256
 0.00187060,  0.01251221
 0.00187080,  0.01342773
 0.00187100,  0.01403809
 0.00187120,  0.01464844
 0.00187140,  0.01556396
 0.00187160,  0.01586914
 0.00187180,  0.01525879
 0.00187200,  0.01434326
 0.00187220,  0.01373291
 0.00187240,  0.01281738
 0.00187260,  0.01190186
 0.00187280,  0.01068115
 0.00187300,  0.01007080
 0.00187320,  0.00915527
 0.00187340,  0.00976563
 0.00187360,  0.00946045
 0.00187380,  0.00885010
 0.00187400,  0.00823975
 0.00187420,  0.00762939
 0.00187440,  0.00671387
 0.00187460,  0.00549316
 0.00187480,  0.00457764
 0.00187500,  0.00335693
 0.00187520,  0.00244141
 0.00187540,  0.00183105
 0.00187560,  0.00152588
 0.00187580,  0.00122070
 0.00187600,  0.00091553
 0.00187620, -0.00030518
 0.00187640, -0.00152588
 0.00187660, -0.00274658
 0.00187680, -0.00396729
 0.00187700, -0.00488281
 0.00187720, -0.00610352
 0.00187740, -0.00701904
 0.00187760, -0.00793457
 0.00187780, -0.00823975
 0.00187800, -0.00793457
 0.00187820, -0.00762939
 0.00187840, -0.00885010
 0.00187860, -0.00946045
 0.00187880, -0.01068115
 0.00187900, -0.00976563
 0.00187920, -0.01098633
 0.00187940, -0.01159668
 0.00187960, -0.01190186
 0.00187980, -0.01159668
 0.00188000, -0.00946045
 0.00188020, -0.01068115
 0.00188040, -0.01068115
 0.00188060, -0.01129150
 0.00188080, -0.01190186
 0.00188100, -0.01342773
 0.00188120, -0.01281738
 0.00188140, -0.01403809
 0.00188160, -0.01312256
 0.00188180, -0.01129150
 0.00188200, -0.01037598
 0.00188220, -0.01037598
 0.00188240, -0.01037598
 0.00188260, -0.01068115
 0.00188280, -0.00976563
 0.00188300, -0.01129150
 0.00188320, -0.01281738
 0.00188340, -0.01434326
 0.00188360, -0.01495361
 0.00188380, -0.01495361
 0.00188400, -0.01556396
 0.00188420, -0.01586914
 0.00188440, -0.01495361
 0.00188460, -0.01281738
 0.00188480, -0.01251221
 0.00188500, -0.01281738
 0.00188520, -0.01373291
 0.00188540, -0.01312256
 0.00188560, -0.01434326
 0.00188580, -0.01525879
 0.00188600, -0.01464844
 0.00188620, -0.01373291
 0.00188640, -0.01434326
 0.00188660, -0.01342773
 0.00188680, -0.01251221
 0.00188700, -0.01129150
 0.00188720, -0.01007080
 0.00188740, -0.00885010
 0.00188760, -0.00823975
 0.00188780, -0.00762939
 0.00188800, -0.00762939
 0.00188820, -0.00671387
 0.00188840, -0.00549316
 0.00188860, -0.00427246
 0.00188880, -0.00244141
 0.00188900, -0.00183105
 0.00188920,  0.00000000
 0.00188940,  0.00152588
 0.00188960,  0.00335693
 0.00188980,  0.00488281
 0.00189000,  0.00610352
 0.00189020,  0.00823975
 0.00189040,  0.01037598
 0.00189060,  0.01068115
 0.00189080,  0.01129150
 0.00189100,  0.01220703
 0.00189120,  0.01342773
 0.00189140,  0.01434326
 0.00189160,  0.01495361
 0.00189180,  0.01586914
 0.00189200,  0.01586914
 0.00189220,  0.01647949
 0.00189240,  0.01953125
 0.00189260,  0.02014160
 0.00189280,  0.02105713
 0.00189300,  0.02197266
 0.00189320,  0.02258301
 0.00189340,  0.02288818
 0.00189360,  0.02288818
 0.00189380,  0.02319336
 0.00189400,  0.02380371
 0.00189420,  0.02410889
 0.00189440,  0.02410889
 0.00189460,  0.02410889
 0.00189480,  0.02441406
 0.00189500,  0.02380371
 0.00189520,  0.02319336
 0.00189540,  0.02288818
 0.00189560,  0.02136230
 0.00189580,  0.02014160
 0.00189600,  0.01922607
 0.00189620,  0.01953125
 0.00189640,  0.01892090
 0.00189660,  0.01800537
 0.00189680,  0.01678467
 0.00189700,  0.01586914
 0.00189720,  0.01464844
 0.00189740,  0.01342773
 0.00189760,  0.01129150
 0.00189780,  0.00976563
 0.00189800,  0.00885010
 0.00189820,  0.00823975
 0.00189840,  0.00671387
 0.00189860,  0.00579834
 0.00189880,  0.00488281
 0.00189900,  0.00274658
 0.00189920,  0.00061035
 0.00189940, -0.00061035
 0.00189960, -0.00244141
 0.00189980, -0.00427246
 0.00190000, -0.00579834
 0.00190020, -0.00762939
 0.00190040, -0.00823975
 0.00190060, -0.00793457
 0.00190080, -0.00762939
 0.00190100, -0.00762939
 0.00190120, -0.00915527
 0.00190140, -0.01068115
 0.00190160, -0.01159668
 0.00190180, -0.01312256
 0.00190200, -0.01464844
 0.00190220, -0.01434326
 0.00190240, -0.01525879
 0.00190260, -0.01647949
 0.00190280, -0.01586914
 0.00190300, -0.01647949
 0.00190320, -0.01495361
 0.00190340, -0.01678467
 0.00190360, -0.01617432
 0.00190380, -0.01708984
 0.00190400, -0.01831055
 0.00190420, -0.01983643
 0.00190440, -0.01892090
 0.00190460, -0.01922607
 0.00190480, -0.01831055
 0.00190500, -0.01800537
 0.00190520, -0.01770020
 0.00190540, -0.01800537
 0.00190560, -0.01678467
 0.00190580, -0.01708984
 0.00190600, -0.01647949
 0.00190620, -0.01770020
 0.00190640, -0.01647949
 0.00190660, -0.01770020
 0.00190680, -0.01678467
 0.00190700, -0.01525879
 0.00190720, -0.01281738
 0.00190740, -0.01220703
 0.00190760, -0.00976563
 0.00190780, -0.01037598
 0.00190800, -0.01037598
 0.00190820, -0.01098633
 0.00190840, -0.01129150
 0.00190860, -0.01220703
 0.00190880, -0.01342773
 0.00190900, -0.01312256
 0.00190920, -0.01312256
 0.00190940, -0.01190186
 0.00190960, -0.01159668
 0.00190980, -0.00946045
 0.00191000, -0.00915527
 0.00191020, -0.00946045
 0.00191040, -0.00915527
 0.00191060, -0.00885010
 0.00191080, -0.00885010
 0.00191100, -0.00915527
 0.00191120, -0.00946045
 0.00191140, -0.00885010
 0.00191160, -0.00671387
 0.00191180, -0.00427246
 0.00191200, -0.00244141
 0.00191220, -0.00091553
 0.00191240, -0.00061035
 0.00191260,  0.00030518
 0.00191280,  0.00061035
 0.00191300,  0.00061035
 0.00191320,  0.00152588
 0.00191340,  0.00244141
 0.00191360,  0.00274658
 0.00191380,  0.00305176
 0.00191400,  0.00427246
 0.00191420,  0.00579834
 0.00191440,  0.00640869
 0.00191460,  0.00701904
 0.00191480,  0.00732422
 0.00191500,  0.00640869
 0.00191520,  0.00701904
 0.00191540,  0.00701904
 0.00191560,  0.00793457
 0.00191580,  0.00823975
 0.00191600,  0.00885010
 0.00191620,  0.00915527
 0.00191640,  0.00946045
 0.00191660,  0.00976563
 0.00191680,  0.01037598
 0.00191700,  0.01037598
 0.00191720,  0.01007080
 0.00191740,  0.01007080
 0.00191760,  0.00976563
 0.00191780,  0.00946045
 0.00191800,  0.00976563
 0.00191820,  0.01159668
 0.00191840,  0.01251221
 0.00191860,  0.01281738
 0.00191880,  0.01281738
 0.00191900,  0.01281738
 0.00191920,  0.01251221
 0.00191940,  0.01190186
 0.00191960,  0.01068115
 0.00191980,  0.01007080
 0.00192000,  0.01037598
 0.00192020,  0.01068115
 0.00192040,  0.01068115
 0.00192060,  0.01068115
 0.00192080,  0.01129150
 0.00192100,  0.01037598
 0.00192120,  0.00946045
 0.00192140,  0.00823975
 0.00192160,  0.00549316
 0.00192180,  0.00427246
 0.00192200,  0.00274658
 0.00192220,  0.00183105
 0.00192240,  0.00122070
 0.00192260,  0.00091553
 0.00192280,  0.00030518
 0.00192300, -0.00030518
 0.00192320, -0.00183105
 0.00192340, -0.00335693
 0.00192360, -0.00396729
 0.00192380, -0.00579834
 0.00192400, -0.00640869
 0.00192420, -0.00762939
 0.00192440, -0.00793457
 0.00192460, -0.00732422
 0.00192480, -0.00732422
 0.00192500, -0.00640869
 0.00192520, -0.00701904
 0.00192540, -0.00671387
 0.00192560, -0.00701904
 0.00192580, -0.00610352
 0.00192600, -0.00701904
 0.00192620, -0.00732422
 0.00192640, -0.00732422
 0.00192660, -0.00701904
 0.00192680, -0.00640869
 0.00192700, -0.00518799
 0.00192720, -0.00457764
 0.00192740, -0.00427246
 0.00192760, -0.00488281
 0.00192780, -0.00579834
 0.00192800, -0.00671387
 0.00192820, -0.00762939
 0.00192840, -0.00885010
 0.00192860, -0.00854492
 0.00192880, -0.00915527
 0.00192900, -0.00915527
 0.00192920, -0.00915527
 0.00192940, -0.00976563
 0.00192960, -0.00946045
 0.00192980, -0.00915527
 0.00193000, -0.00976563
 0.00193020, -0.00946045
 0.00193040, -0.00946045
 0.00193060, -0.00915527
 0.00193080, -0.00823975
 0.00193100, -0.00823975
 0.00193120, -0.00793457
 0.00193140, -0.00701904
 0.00193160, -0.00610352
 0.00193180, -0.00610352
 0.00193200, -0.00579834
 0.00193220, -0.00549316
 0.00193240, -0.00427246
 0.00193260, -0.00457764
 0.00193280, -0.00366211
 0.00193300, -0.00305176
 0.00193320, -0.00274658
 0.00193340, -0.00213623
 0.00193360, -0.00244141
 0.00193380, -0.00244141
 0.00193400, -0.00183105
 0.00193420, -0.00244141
 0.00193440, -0.00183105
 0.00193460, -0.00183105
 0.00193480, -0.00183105
 0.00193500, -0.00183105
 0.00193520, -0.00152588
 0.00193540, -0.00213623
 0.00193560, -0.00244141
 0.00193580, -0.00152588
 0.00193600, -0.00152588
 0.00193620, -0.00274658
 0.00193640, -0.00305176
 0.00193660, -0.00396729
 0.00193680, -0.00457764
 0.00193700, -0.00457764
 0.00193720, -0.00427246
 0.00193740, -0.00366211
 0.00193760, -0.00366211
 0.00193780, -0.00305176
 0.00193800, -0.00244141
 0.00193820, -0.00244141
 0.00193840, -0.00122070
 0.00193860, -0.00061035
 0.00193880,  0.00000000
 0.00193900, -0.00030518
 0.00193920,  0.00030518
 0.00193940,  0.00152588
 0.00193960,  0.00274658
 0.00193980,  0.00335693
 0.00194000,  0.00427246
 0.00194020,  0.00457764
 0.00194040,  0.00518799
 0.00194060,  0.00518799
 0.00194080,  0.00610352
 0.00194100,  0.00640869
 0.00194120,  0.00610352
 0.00194140,  0.00640869
 0.00194160,  0.00610352
 0.00194180,  0.00701904
 0.00194200,  0.00732422
 0.00194220,  0.00732422
 0.00194240,  0.00762939
 0.00194260,  0.00793457
 0.00194280,  0.00762939
 0.00194300,  0.00762939
 0.00194320,  0.00732422
 0.00194340,  0.00671387
 0.00194360,  0.00579834
 0.00194380,  0.00610352
 0.00194400,  0.00518799
 0.00194420,  0.00457764
 0.00194440,  0.00427246
 0.00194460,  0.00396729
 0.00194480,  0.00366211
 0.00194500,  0.00305176
 0.00194520,  0.00244141
 0.00194540,  0.00183105
 0.00194560,  0.00213623
 0.00194580,  0.00213623
 0.00194600,  0.00274658
 0.00194620,  0.00274658
 0.00194640,  0.00335693
 0.00194660,  0.00396729
 0.00194680,  0.00427246
 0.00194700,  0.00396729
 0.00194720,  0.00366211
 0.00194740,  0.00366211
 0.00194760,  0.00335693
 0.00194780,  0.00305176
 0.00194800,  0.00396729
 0.00194820,  0.00427246
 0.00194840,  0.00488281
 0.00194860,  0.00579834
 0.00194880,  0.00488281
 0.00194900,  0.00488281
 0.00194920,  0.00518799
 0.00194940,  0.00427246
 0.00194960,  0.00335693
 0.00194980,  0.00274658
 0.00195000,  0.00122070
 0.00195020,  0.00061035
 0.00195040,  0.00030518
 0.00195060,  0.00000000
 0.00195080, -0.00061035
 0.00195100, -0.00122070
 0.00195120, -0.00122070
 0.00195140, -0.00122070
 0.00195160, -0.00183105
 0.00195180, -0.00305176
 0.00195200, -0.00396729
 0.00195220, -0.00396729
 0.00195240, -0.00488281
 0.00195260, -0.00518799
 0.00195280, -0.00610352
 0.00195300, -0.00671387
 0.00195320, -0.00671387
 0.00195340, -0.00579834
 0.00195360, -0.00579834
 0.00195380, -0.00488281
 0.00195400, -0.00366211
 0.00195420, -0.00396729
 0.00195440, -0.00366211
 0.00195460, -0.00396729
 0.00195480, -0.00427246
 0.00195500, -0.00366211
 0.00195520, -0.00335693
 0.00195540, -0.00244141
 0.00195560, -0.00122070
 0.00195580, -0.00091553
 0.00195600, -0.00061035
 0.00195620, -0.00061035
 0.00195640, -0.00091553
 0.00195660, -0.00183105
 0.00195680, -0.00244141
 0.00195700, -0.00213623
 0.00195720, -0.00183105
 0.00195740, -0.00183105
 0.00195760, -0.00122070
 0.00195780, -0.00091553
 0.00195800, -0.00183105
 0.00195820, -0.00244141
 0.00195840, -0.00183105
 0.00195860, -0.00213623
 0.00195880, -0.00335693
 0.00195900, -0.00335693
 0.00195920, -0.00305176
 0.00195940, -0.00305176
 0.00195960, -0.00274658
 0.00195980, -0.00183105
 0.00196000, -0.00183105
 0.00196020, -0.00213623
 0.00196040, -0.00183105
 0.00196060, -0.00213623
 0.00196080, -0.00274658
 0.00196100, -0.00305176
 0.00196120, -0.00305176
 0.00196140, -0.00335693
 0.00196160, -0.00335693
 0.00196180, -0.00305176
 0.00196200, -0.00213623
 0.00196220, -0.00183105
 0.00196240, -0.00183105
 0.00196260, -0.00183105
 0.00196280, -0.00122070
 0.00196300, -0.00061035
 0.00196320,  0.00000000
 0.00196340, -0.00030518
 0.00196360, -0.00030518
 0.00196380,  0.00122070
 0.00196400,  0.00152588
 0.00196420,  0.00244141
 0.00196440,  0.00366211
 0.00196460,  0.00335693
 0.00196480,  0.00396729
 0.00196500,  0.00366211
 0.00196520,  0.00244141
 0.00196540,  0.00244141
 0.00196560,  0.00183105
 0.00196580,  0.00091553
 0.00196600,  0.00030518
 0.00196620,  0.00152588
 0.00196640,  0.00213623
 0.00196660,  0.00152588
 0.00196680,  0.00152588
 0.00196700,  0.00091553
 0.00196720,  0.00030518
 0.00196740, -0.00030518
 0.00196760, -0.00183105
 0.00196780, -0.00274658
 0.00196800, -0.00366211
 0.00196820, -0.00396729
 0.00196840, -0.00244141
 0.00196860, -0.00244141
 0.00196880, -0.00213623
 0.00196900, -0.00213623
 0.00196920, -0.00152588
 0.00196940, -0.00183105
 0.00196960, -0.00274658
 0.00196980, -0.00305176
 0.00197000, -0.00396729
 0.00197020, -0.00518799
 0.00197040, -0.00457764
 0.00197060, -0.00335693
 0.00197080, -0.00244141
 0.00197100, -0.00183105
 0.00197120, -0.00152588
 0.00197140, -0.00061035
 0.00197160, -0.00152588
 0.00197180, -0.00244141
 0.00197200, -0.00335693
 0.00197220, -0.00488281
 0.00197240, -0.00579834
 0.00197260, -0.00640869
 0.00197280, -0.00579834
 0.00197300, -0.00579834
 0.00197320, -0.00549316
 0.00197340, -0.00549316
 0.00197360, -0.00488281
 0.00197380, -0.00518799
 0.00197400, -0.00640869
 0.00197420, -0.00640869
 0.00197440, -0.00732422
 0.00197460, -0.00823975
 0.00197480, -0.00915527
 0.00197500, -0.00915527
 0.00197520, -0.00946045
 0.00197540, -0.00915527
 0.00197560, -0.00885010
 0.00197580, -0.00793457
 0.00197600, -0.00640869
 0.00197620, -0.00640869
 0.00197640, -0.00610352
 0.00197660, -0.00549316
 0.00197680, -0.00457764
 0.00197700, -0.00366211
 0.00197720, -0.00305176
 0.00197740, -0.00152588
 0.00197760, -0.00061035
 0.00197780,  0.00030518
 0.00197800,  0.00091553
 0.00197820,  0.00122070
 0.00197840,  0.00213623
 0.00197860,  0.00366211
 0.00197880,  0.00335693
 0.00197900,  0.00305176
 0.00197920,  0.00213623
 0.00197940,  0.00183105
 0.00197960,  0.00122070
 0.00197980,  0.00000000
 0.00198000, -0.00091553
 0.00198020, -0.00183105
 0.00198040, -0.00305176
 0.00198060, -0.00396729
 0.00198080, -0.00457764
 0.00198100, -0.00488281
 0.00198120, -0.00549316
 0.00198140, -0.00427246
 0.00198160, -0.00335693
 0.00198180, -0.00305176
 0.00198200, -0.00396729
 0.00198220, -0.00396729
 0.00198240, -0.00335693
 0.00198260, -0.00396729
 0.00198280, -0.00427246
 0.00198300, -0.00305176
 0.00198320, -0.00305176
 0.00198340, -0.00305176
 0.00198360, -0.00305176
 0.00198380, -0.00213623
 0.00198400, -0.00122070
 0.00198420,  0.00000000
 0.00198440,  0.00091553
 0.00198460,  0.00213623
 0.00198480,  0.00244141
 0.00198500,  0.00335693
 0.00198520,  0.00335693
 0.00198540,  0.00366211
 0.00198560,  0.00335693
 0.00198580,  0.00427246
 0.00198600,  0.00335693
 0.00198620,  0.00244141
 0.00198640,  0.00152588
 0.00198660,  0.00091553
 0.00198680,  0.00061035
 0.00198700,  0.00091553
 0.00198720,  0.00000000
 0.00198740,  0.00030518
 0.00198760,  0.00000000
 0.00198780, -0.00030518
 0.00198800,  0.00030518
 0.00198820,  0.00061035
 0.00198840,  0.00030518
 0.00198860,  0.00000000
 0.00198880, -0.00030518
 0.00198900, -0.00091553
 0.00198920,  0.00030518
 0.00198940,  0.00061035
 0.00198960,  0.00091553
 0.00198980,  0.00152588
 0.00199000,  0.00305176
 0.00199020,  0.00366211
 0.00199040,  0.00457764
 0.00199060,  0.00518799
 0.00199080,  0.00640869
 0.00199100,  0.00701904
 0.00199120,  0.00762939
 0.00199140,  0.00762939
 0.00199160,  0.00793457
 0.00199180,  0.00793457
 0.00199200,  0.00762939
 0.00199220,  0.00854492
 0.00199240,  0.00854492
 0.00199260,  0.00854492
 0.00199280,  0.00915527
 0.00199300,  0.00915527
 0.00199320,  0.00854492
 0.00199340,  0.00793457
 0.00199360,  0.00793457
 0.00199380,  0.00732422
 0.00199400,  0.00701904
 0.00199420,  0.00640869
 0.00199440,  0.00640869
 0.00199460,  0.00610352
 0.00199480,  0.00549316
 0.00199500,  0.00549316
 0.00199520,  0.00610352
 0.00199540,  0.00640869
 0.00199560,  0.00671387
 0.00199580,  0.00671387
 0.00199600,  0.00610352
 0.00199620,  0.00579834
 0.00199640,  0.00488281
 0.00199660,  0.00488281
 0.00199680,  0.00427246
 0.00199700,  0.00366211
 0.00199720,  0.00335693
 0.00199740,  0.00366211
 0.00199760,  0.00274658
 0.00199780,  0.00244141
 0.00199800,  0.00152588
 0.00199820,  0.00091553
 0.00199840,  0.00061035
 0.00199860, -0.00091553
 0.00199880, -0.00213623
 0.00199900, -0.00366211
 0.00199920, -0.00427246
 0.00199940, -0.00518799
 0.00199960, -0.00549316
 0.00199980, -0.00701904
 0.00200000, -0.00793457
 0.00200020, -0.00885010
 0.00200040, -0.00946045
 0.00200060, -0.01007080
 0.00200080, -0.01068115
 0.00200100, -0.01129150
 0.00200120, -0.01129150
 0.00200140, -0.01251221
 0.00200160, -0.01281738
 0.00200180, -0.01220703
 0.00200200, -0.01312256
 0.00200220, -0.01373291
 0.00200240, -0.01312256
 0.00200260, -0.01434326
 0.00200280, -0.01403809
 0.00200300, -0.01342773
 0.00200320, -0.01312256
 0.00200340, -0.01373291
 0.00200360, -0.01312256
 0.00200380, -0.01281738
 0.00200400, -0.01159668
 0.00200420, -0.01220703
 0.00200440, -0.01251221
 0.00200460, -0.01281738
 0.00200480, -0.01251221
 0.00200500, -0.01220703
 0.00200520, -0.01220703
 0.00200540, -0.01251221
 0.00200560, -0.01251221
 0.00200580, -0.01251221
 0.00200600, -0.01220703
 0.00200620, -0.01251221
 0.00200640, -0.01159668
 0.00200660, -0.01098633
 0.00200680, -0.01159668
 0.00200700, -0.01098633
 0.00200720, -0.00976563
 0.00200740, -0.00915527
 0.00200760, -0.00854492
 0.00200780, -0.00885010
 0.00200800, -0.00854492
 0.00200820, -0.00732422
 0.00200840, -0.00732422
 0.00200860, -0.00732422
 0.00200880, -0.00732422
 0.00200900, -0.00732422
 0.00200920, -0.00640869
 0.00200940, -0.00671387
 0.00200960, -0.00610352
 0.00200980, -0.00640869
 0.00201000, -0.00640869
 0.00201020, -0.00610352
 0.00201040, -0.00579834
 0.00201060, -0.00579834
 0.00201080, -0.00518799
 0.00201100, -0.00518799
 0.00201120, -0.00427246
 0.00201140, -0.00488281
 0.00201160, -0.00366211
 0.00201180, -0.00244141
 0.00201200, -0.00213623
 0.00201220, -0.00152588
 0.00201240, -0.00152588
 0.00201260, -0.00061035
 0.00201280, -0.00030518
 0.00201300, -0.00030518
 0.00201320,  0.00122070
 0.00201340,  0.00122070
 0.00201360,  0.00152588
 0.00201380,  0.00244141
 0.00201400,  0.00274658
 0.00201420,  0.00366211
 0.00201440,  0.00457764
 0.00201460,  0.00488281
 0.00201480,  0.00579834
 0.00201500,  0.00549316
 0.00201520,  0.00549316
 0.00201540,  0.00610352
 0.00201560,  0.00610352
 0.00201580,  0.00610352
 0.00201600,  0.00640869
 0.00201620,  0.00701904
 0.00201640,  0.00762939
 0.00201660,  0.00762939
 0.00201680,  0.00793457
 0.00201700,  0.00915527
 0.00201720,  0.00854492
 0.00201740,  0.00823975
 0.00201760,  0.00793457
 0.00201780,  0.00762939
 0.00201800,  0.00762939
 0.00201820,  0.00701904
 0.00201840,  0.00610352
 0.00201860,  0.00610352
 0.00201880,  0.00549316
 0.00201900,  0.00610352
 0.00201920,  0.00610352
 0.00201940,  0.00640869
 0.00201960,  0.00671387
 0.00201980,  0.00701904
 0.00202000,  0.00701904
 0.00202020,  0.00640869
 0.00202040,  0.00610352
 0.00202060,  0.00640869
 0.00202080,  0.00610352
 0.00202100,  0.00732422
 0.00202120,  0.00671387
 0.00202140,  0.00701904
 0.00202160,  0.00701904
 0.00202180,  0.00701904
 0.00202200,  0.00671387
 0.00202220,  0.00640869
 0.00202240,  0.00518799
 0.00202260,  0.00488281
 0.00202280,  0.00579834
 0.00202300,  0.00579834
 0.00202320,  0.00549316
 0.00202340,  0.00549316
 0.00202360,  0.00549316
 0.00202380,  0.00549316
 0.00202400,  0.00488281
 0.00202420,  0.00366211
 0.00202440,  0.00305176
 0.00202460,  0.00213623
 0.00202480,  0.00152588
 0.00202500,  0.00244141
 0.00202520,  0.00305176
 0.00202540,  0.00366211
 0.00202560,  0.00427246
 0.00202580,  0.00549316
 0.00202600,  0.00518799
 0.00202620,  0.00518799
 0.00202640,  0.00488281
 0.00202660,  0.00549316
 0.00202680,  0.00610352
 0.00202700,  0.00579834
 0.00202720,  0.00610352
 0.00202740,  0.00701904
 0.00202760,  0.00732422
 0.00202780,  0.00762939
 0.00202800,  0.00732422
 0.00202820,  0.00701904
 0.00202840,  0.00579834
 0.00202860,  0.00457764
 0.00202880,  0.00396729
 0.00202900,  0.00366211
 0.00202920,  0.00366211
 0.00202940,  0.00366211
 0.00202960,  0.00305176
 0.00202980,  0.00244141
 0.00203000,  0.00213623
 0.00203020,  0.00152588
 0.00203040, -0.00061035
 0.00203060, -0.00152588
 0.00203080, -0.00274658
 0.00203100, -0.00335693
 0.00203120, -0.00335693
 0.00203140, -0.00335693
 0.00203160, -0.00366211
 0.00203180, -0.00335693
 0.00203200, -0.00274658
 0.00203220, -0.00305176
 0.00203240, -0.00366211
 0.00203260, -0.00457764
 0.00203280, -0.00579834
 0.00203300, -0.00579834
 0.00203320, -0.00732422
 0.00203340, -0.00762939
 0.00203360, -0.00671387
 0.00203380, -0.00671387
 0.00203400, -0.00579834
 0.00203420, -0.00518799
 0.00203440, -0.00488281
 0.00203460, -0.00549316
 0.00203480, -0.00549316
 0.00203500, -0.00610352
 0.00203520, -0.00762939
 0.00203540, -0.00793457
 0.00203560, -0.00854492
 0.00203580, -0.00946045
 0.00203600, -0.00976563
 0.00203620, -0.00915527
 0.00203640, -0.00854492
 0.00203660, -0.00885010
 0.00203680, -0.00885010
 0.00203700, -0.00823975
 0.00203720, -0.00762939
 0.00203740, -0.00732422
 0.00203760, -0.00762939
 0.00203780, -0.00762939
 0.00203800, -0.00823975
 0.00203820, -0.00793457
 0.00203840, -0.00732422
 0.00203860, -0.00732422
 0.00203880, -0.00640869
 0.00203900, -0.00579834
 0.00203920, -0.00579834
 0.00203940, -0.00518799
 0.00203960, -0.00518799
 0.00203980, -0.00488281
 0.00204000, -0.00396729
 0.00204020, -0.00274658
 0.00204040, -0.00213623
 0.00204060, -0.00152588
 0.00204080, -0.00061035
 0.00204100, -0.00030518
 0.00204120, -0.00061035
 0.00204140, -0.00091553
 0.00204160, -0.00061035
 0.00204180, -0.00183105
 0.00204200, -0.00335693
 0.00204220, -0.00366211
 0.00204240, -0.00488281
 0.00204260, -0.00457764
 0.00204280, -0.00396729
 0.00204300, -0.00274658
 0.00204320, -0.00305176
 0.00204340, -0.00244141
 0.00204360, -0.00213623
 0.00204380, -0.00244141
 0.00204400, -0.00274658
 0.00204420, -0.00335693
 0.00204440, -0.00457764
 0.00204460, -0.00518799
 0.00204480, -0.00518799
 0.00204500, -0.00549316
 0.00204520, -0.00457764
 0.00204540, -0.00305176
 0.00204560, -0.00244141
 0.00204580, -0.00183105
 0.00204600, -0.00244141
 0.00204620, -0.00183105
 0.00204640, -0.00152588
 0.00204660, -0.00152588
 0.00204680, -0.00091553
 0.00204700, -0.00091553
 0.00204720, -0.00091553
 0.00204740, -0.00030518
 0.00204760,  0.00091553
 0.00204780,  0.00213623
 0.00204800,  0.00274658
 0.00204820,  0.00335693
 0.00204840,  0.00366211
 0.00204860,  0.00366211
 0.00204880,  0.00366211
 0.00204900,  0.00396729
 0.00204920,  0.00396729
 0.00204940,  0.00488281
 0.00204960,  0.00549316
 0.00204980,  0.00579834
 0.00205000,  0.00640869
 0.00205020,  0.00732422
 0.00205040,  0.00793457
 0.00205060,  0.00823975
 0.00205080,  0.00823975
 0.00205100,  0.00762939
 0.00205120,  0.00762939
 0.00205140,  0.00762939
 0.00205160,  0.00793457
 0.00205180,  0.00854492
 0.00205200,  0.00823975
 0.00205220,  0.00885010
 0.00205240,  0.00946045
 0.00205260,  0.00976563
 0.00205280,  0.00976563
 0.00205300,  0.00915527
 0.00205320,  0.00823975
 0.00205340,  0.00671387
 0.00205360,  0.00549316
 0.00205380,  0.00518799
 0.00205400,  0.00396729
 0.00205420,  0.00427246
 0.00205440,  0.00427246
 0.00205460,  0.00427246
 0.00205480,  0.00488281
 0.00205500,  0.00488281
 0.00205520,  0.00488281
 0.00205540,  0.00457764
 0.00205560,  0.00396729
 0.00205580,  0.00305176
 0.00205600,  0.00366211
 0.00205620,  0.00366211
 0.00205640,  0.00396729
 0.00205660,  0.00335693
 0.00205680,  0.00366211
 0.00205700,  0.00183105
 0.00205720,  0.00244141
 0.00205740,  0.00152588
 0.00205760,  0.00061035
 0.00205780, -0.00061035
 0.00205800, -0.00152588
 0.00205820, -0.00305176
 0.00205840, -0.00335693
 0.00205860, -0.00427246
 0.00205880, -0.00549316
 0.00205900, -0.00518799
 0.00205920, -0.00457764
 0.00205940, -0.00457764
 0.00205960, -0.00457764
 0.00205980, -0.00457764
 0.00206000, -0.00518799
 0.00206020, -0.00518799
 0.00206040, -0.00488281
 0.00206060, -0.00579834
 0.00206080, -0.00579834
 0.00206100, -0.00640869
 0.00206120, -0.00640869
 0.00206140, -0.00671387
 0.00206160, -0.00640869
 0.00206180, -0.00671387
 0.00206200, -0.00610352
 0.00206220, -0.00549316
 0.00206240, -0.00518799
 0.00206260, -0.00549316
 0.00206280, -0.00488281
 0.00206300, -0.00427246
 0.00206320, -0.00396729
 0.00206340, -0.00427246
 0.00206360, -0.00488281
 0.00206380, -0.00518799
 0.00206400, -0.00579834
 0.00206420, -0.00549316
 0.00206440, -0.00610352
 0.00206460, -0.00610352
 0.00206480, -0.00671387
 0.00206500, -0.00701904
 0.00206520, -0.00732422
 0.00206540, -0.00732422
 0.00206560, -0.00793457
 0.00206580, -0.00793457
 0.00206600, -0.00762939
 0.00206620, -0.00732422
 0.00206640, -0.00762939
 0.00206660, -0.00823975
 0.00206680, -0.00823975
 0.00206700, -0.00793457
 0.00206720, -0.00823975
 0.00206740, -0.00823975
 0.00206760, -0.00823975
 0.00206780, -0.00762939
 0.00206800, -0.00762939
 0.00206820, -0.00823975
 0.00206840, -0.00762939
 0.00206860, -0.00762939
 0.00206880, -0.00640869
 0.00206900, -0.00640869
 0.00206920, -0.00518799
 0.00206940, -0.00518799
 0.00206960, -0.00396729
 0.00206980, -0.00305176
 0.00207000, -0.00274658
 0.00207020, -0.00305176
 0.00207040, -0.00213623
 0.00207060, -0.00244141
 0.00207080, -0.00213623
 0.00207100, -0.00122070
 0.00207120, -0.00091553
 0.00207140, -0.00091553
 0.00207160, -0.00152588
 0.00207180, -0.00244141
 0.00207200, -0.00305176
 0.00207220, -0.00335693
 0.00207240, -0.00488281
 0.00207260, -0.00518799
 0.00207280, -0.00518799
 0.00207300, -0.00518799
 0.00207320, -0.00518799
 0.00207340, -0.00488281
 0.00207360, -0.00579834
 0.00207380, -0.00640869
 0.00207400, -0.00762939
 0.00207420, -0.00793457
 0.00207440, -0.00854492
 0.00207460, -0.00885010
 0.00207480, -0.00854492
 0.00207500, -0.00823975
 0.00207520, -0.00701904
 0.00207540, -0.00579834
 0.00207560, -0.00457764
 0.00207580, -0.00335693
 0.00207600, -0.00305176
 0.00207620, -0.00274658
 0.00207640, -0.00305176
 0.00207660, -0.00335693
 0.00207680, -0.00274658
 0.00207700, -0.00183105
 0.00207720, -0.00061035
 0.00207740,  0.00091553
 0.00207760,  0.00274658
 0.00207780,  0.00335693
 0.00207800,  0.00396729
 0.00207820,  0.00396729
 0.00207840,  0.00274658
 0.00207860,  0.00274658
 0.00207880,  0.00122070
 0.00207900, -0.00030518
 0.00207920, -0.00152588
 0.00207940, -0.00244141
 0.00207960, -0.00335693
 0.00207980, -0.00335693
 0.00208000, -0.00427246
 0.00208020, -0.00457764
 0.00208040, -0.00518799
 0.00208060, -0.00518799
 0.00208080, -0.00579834
 0.00208100, -0.00640869
 0.00208120, -0.00640869
 0.00208140, -0.00610352
 0.00208160, -0.00488281
 0.00208180, -0.00396729
 0.00208200, -0.00305176
 0.00208220, -0.00305176
 0.00208240, -0.00274658
 0.00208260, -0.00244141
 0.00208280, -0.00244141
 0.00208300, -0.00183105
 0.00208320, -0.00213623
 0.00208340, -0.00183105
 0.00208360, -0.00152588
 0.00208380, -0.00091553
 0.00208400,  0.00030518
 0.00208420,  0.00122070
 0.00208440,  0.00152588
 0.00208460,  0.00122070
 0.00208480,  0.00122070
 0.00208500,  0.00061035
 0.00208520, -0.00030518
 0.00208540, -0.00122070
 0.00208560, -0.00213623
 0.00208580, -0.00244141
 0.00208600, -0.00305176
 0.00208620, -0.00213623
 0.00208640, -0.00244141
 0.00208660, -0.00152588
 0.00208680, -0.00122070
 0.00208700, -0.00061035
 0.00208720, -0.00030518
 0.00208740, -0.00152588
 0.00208760, -0.00091553
 0.00208780,  0.00000000
 0.00208800,  0.00000000
 0.00208820,  0.00061035
 0.00208840,  0.00152588
 0.00208860,  0.00183105
 0.00208880,  0.00305176
 0.00208900,  0.00366211
 0.00208920,  0.00366211
 0.00208940,  0.00427246
 0.00208960,  0.00427246
 0.00208980,  0.00518799
 0.00209000,  0.00549316
 0.00209020,  0.00640869
 0.00209040,  0.00701904
 0.00209060,  0.00793457
 0.00209080,  0.00854492
 0.00209100,  0.00854492
 0.00209120,  0.00854492
 0.00209140,  0.00854492
 0.00209160,  0.00762939
 0.00209180,  0.00701904
 0.00209200,  0.00640869
 0.00209220,  0.00579834
 0.00209240,  0.00579834
 0.00209260,  0.00610352
 0.00209280,  0.00610352
 0.00209300,  0.00549316
 0.00209320,  0.00549316
 0.00209340,  0.00488281
 0.00209360,  0.00457764
 0.00209380,  0.00427246
 0.00209400,  0.00305176
 0.00209420,  0.00183105
 0.00209440,  0.00091553
 0.00209460,  0.00061035
 0.00209480, -0.00061035
 0.00209500, -0.00030518
 0.00209520, -0.00061035
 0.00209540, -0.00091553
 0.00209560, -0.00091553
 0.00209580, -0.00213623
 0.00209600, -0.00305176
 0.00209620, -0.00335693
 0.00209640, -0.00335693
 0.00209660, -0.00366211
 0.00209680, -0.00274658
 0.00209700, -0.00274658
 0.00209720, -0.00305176
 0.00209740, -0.00213623
 0.00209760, -0.00244141
 0.00209780, -0.00213623
 0.00209800, -0.00183105
 0.00209820, -0.00183105
 0.00209840, -0.00274658
 0.00209860, -0.00244141
 0.00209880, -0.00152588
 0.00209900, -0.00091553
 0.00209920, -0.00122070
 0.00209940, -0.00091553
 0.00209960, -0.00152588
 0.00209980, -0.00183105
 0.00210000, -0.00244141
 0.00210020, -0.00335693
 0.00210040, -0.00335693
 0.00210060, -0.00335693
 0.00210080, -0.00396729
 0.00210100, -0.00366211
 0.00210120, -0.00366211
 0.00210140, -0.00396729
 0.00210160, -0.00396729
 0.00210180, -0.00396729
 0.00210200, -0.00366211
 0.00210220, -0.00335693
 0.00210240, -0.00244141
 0.00210260, -0.00274658
 0.00210280, -0.00244141
 0.00210300, -0.00213623
 0.00210320, -0.00183105
 0.00210340, -0.00091553
 0.00210360,  0.00030518
 0.00210380, -0.00030518
 0.00210400,  0.00030518
 0.00210420,  0.00091553
 0.00210440,  0.00091553
 0.00210460,  0.00061035
 0.00210480,  0.00061035
 0.00210500,  0.00061035
 0.00210520,  0.00122070
 0.00210540,  0.00183105
 0.00210560,  0.00274658
 0.00210580,  0.00305176
 0.00210600,  0.00305176
 0.00210620,  0.00244141
 0.00210640,  0.00183105
 0.00210660,  0.00213623
 0.00210680,  0.00091553
 0.00210700,  0.00030518
 0.00210720,  0.00030518
 0.00210740,  0.00030518
 0.00210760,  0.00061035
 0.00210780,  0.00061035
 0.00210800,  0.00122070
 0.00210820,  0.00152588
 0.00210840,  0.00152588
 0.00210860,  0.00122070
 0.00210880,  0.00061035
 0.00210900, -0.00061035
 0.00210920, -0.00152588
 0.00210940, -0.00122070
 0.00210960, -0.00061035
 0.00210980, -0.00030518
 0.00211000,  0.00030518
 0.00211020,  0.00061035
 0.00211040,  0.00152588
 0.00211060,  0.00244141
 0.00211080,  0.00274658
 0.00211100,  0.00335693
 0.00211120,  0.00335693
 0.00211140,  0.00427246
 0.00211160,  0.00366211
 0.00211180,  0.00488281
 0.00211200,  0.00610352
 0.00211220,  0.00640869
 0.00211240,  0.00793457
 0.00211260,  0.00762939
 0.00211280,  0.00762939
 0.00211300,  0.00732422
 0.00211320,  0.00701904
 0.00211340,  0.00610352
 0.00211360,  0.00549316
 0.00211380,  0.00427246
 0.00211400,  0.00366211
 0.00211420,  0.00274658
 0.00211440,  0.00244141
 0.00211460,  0.00213623
 0.00211480,  0.00183105
 0.00211500,  0.00122070
 0.00211520,  0.00030518
 0.00211540, -0.00061035
 0.00211560, -0.00091553
 0.00211580, -0.00213623
 0.00211600, -0.00274658
 0.00211620, -0.00305176
 0.00211640, -0.00305176
 0.00211660, -0.00335693
 0.00211680, -0.00244141
 0.00211700, -0.00183105
 0.00211720, -0.00183105
 0.00211740, -0.00213623
 0.00211760, -0.00183105
 0.00211780, -0.00244141
 0.00211800, -0.00183105
 0.00211820, -0.00183105
 0.00211840, -0.00152588
 0.00211860, -0.00091553
 0.00211880, -0.00061035
 0.00211900,  0.00030518
 0.00211920,  0.00061035
 0.00211940,  0.00183105
 0.00211960,  0.00183105
 0.00211980,  0.00122070
 0.00212000, -0.00061035
 0.00212020, -0.00030518
 0.00212040,  0.00030518
 0.00212060,  0.00000000
 0.00212080,  0.00000000
 0.00212100,  0.00000000
 0.00212120,  0.00061035
 0.00212140,  0.00091553
 0.00212160,  0.00122070
 0.00212180,  0.00030518
 0.00212200, -0.00030518
 0.00212220, -0.00152588
 0.00212240, -0.00122070
 0.00212260, -0.00122070
 0.00212280, -0.00152588
 0.00212300, -0.00091553
 0.00212320, -0.00091553
 0.00212340, -0.00061035
 0.00212360, -0.00030518
 0.00212380,  0.00000000
 0.00212400,  0.00030518
 0.00212420,  0.00030518
 0.00212440,  0.00030518
 0.00212460,  0.00000000
 0.00212480,  0.00030518
 0.00212500, -0.00030518
 0.00212520,  0.00030518
 0.00212540,  0.00091553
 0.00212560,  0.00091553
 0.00212580,  0.00213623
 0.00212600,  0.00213623
 0.00212620,  0.00244141
 0.00212640,  0.00274658
 0.00212660,  0.00274658
 0.00212680,  0.00244141
 0.00212700,  0.00091553
 0.00212720, -0.00030518
 0.00212740, -0.00152588
 0.00212760, -0.00213623
 0.00212780, -0.00335693
 0.00212800, -0.00427246
 0.00212820, -0.00488281
 0.00212840, -0.00579834
 0.00212860, -0.00579834
 0.00212880, -0.00640869
 0.00212900, -0.00671387
 0.00212920, -0.00701904
 0.00212940, -0.00762939
 0.00212960, -0.00854492
 0.00212980, -0.00885010
 0.00213000, -0.00915527
 0.00213020, -0.00915527
 0.00213040, -0.00976563
 0.00213060, -0.01007080
 0.00213080, -0.01129150
 0.00213100, -0.01068115
 0.00213120, -0.01007080
 0.00213140, -0.01007080
 0.00213160, -0.01007080
 0.00213180, -0.01037598
 0.00213200, -0.01007080
 0.00213220, -0.00976563
 0.00213240, -0.00976563
 0.00213260, -0.00946045
 0.00213280, -0.00854492
 0.00213300, -0.00823975
 0.00213320, -0.00854492
 0.00213340, -0.00732422
 0.00213360, -0.00671387
 0.00213380, -0.00610352
 0.00213400, -0.00610352
 0.00213420, -0.00549316
 0.00213440, -0.00488281
 0.00213460, -0.00488281
 0.00213480, -0.00427246
 0.00213500, -0.00366211
 0.00213520, -0.00366211
 0.00213540, -0.00396729
 0.00213560, -0.00427246
 0.00213580, -0.00427246
 0.00213600, -0.00488281
 0.00213620, -0.00488281
 0.00213640, -0.00457764
 0.00213660, -0.00427246
 0.00213680, -0.00427246
 0.00213700, -0.00518799
 0.00213720, -0.00488281
 0.00213740, -0.00457764
 0.00213760, -0.00396729
 0.00213780, -0.00335693
 0.00213800, -0.00335693
 0.00213820, -0.00274658
 0.00213840, -0.00152588
 0.00213860, -0.00091553
 0.00213880,  0.00091553
 0.00213900,  0.00152588
 0.00213920,  0.00244141
 0.00213940,  0.00396729
 0.00213960,  0.00457764
 0.00213980,  0.00579834
 0.00214000,  0.00640869
 0.00214020,  0.00640869
 0.00214040,  0.00640869
 0.00214060,  0.00671387
 0.00214080,  0.00701904
 0.00214100,  0.00640869
 0.00214120,  0.00640869
 0.00214140,  0.00671387
 0.00214160,  0.00640869
 0.00214180,  0.00579834
 0.00214200,  0.00579834
 0.00214220,  0.00518799
 0.00214240,  0.00396729
 0.00214260,  0.00305176
 0.00214280,  0.00244141
 0.00214300,  0.00213623
 0.00214320,  0.00274658
 0.00214340,  0.00152588
 0.00214360,  0.00152588
 0.00214380,  0.00183105
 0.00214400,  0.00152588
 0.00214420,  0.00091553
 0.00214440,  0.00030518
 0.00214460, -0.00061035
 0.00214480, -0.00061035
 0.00214500, -0.00122070
 0.00214520, -0.00152588
 0.00214540, -0.00122070
 0.00214560, -0.00030518
 0.00214580,  0.00030518
 0.00214600,  0.00000000
 0.00214620, -0.00061035
 0.00214640, -0.00152588
 0.00214660, -0.00152588
 0.00214680, -0.00213623
 0.00214700, -0.00274658
 0.00214720, -0.00396729
 0.00214740, -0.00396729
 0.00214760, -0.00335693
 0.00214780, -0.00274658
 0.00214800, -0.00183105
 0.00214820, -0.00030518
 0.00214840,  0.00030518
 0.00214860,  0.00091553
 0.00214880,  0.00061035
 0.00214900, -0.00122070
 0.00214920, -0.00183105
 0.00214940, -0.00244141
 0.00214960, -0.00396729
 0.00214980, -0.00396729
 0.00215000, -0.00457764
 0.00215020, -0.00457764
 0.00215040, -0.00427246
 0.00215060, -0.00457764
 0.00215080, -0.00396729
 0.00215100, -0.00457764
 0.00215120, -0.00488281
 0.00215140, -0.00610352
 0.00215160, -0.00610352
 0.00215180, -0.00701904
 0.00215200, -0.00732422
 0.00215220, -0.00854492
 0.00215240, -0.00854492
 0.00215260, -0.00823975
 0.00215280, -0.00793457
 0.00215300, -0.00701904
 0.00215320, -0.00732422
 0.00215340, -0.00762939
 0.00215360, -0.00823975
 0.00215380, -0.00885010
 0.00215400, -0.00915527
 0.00215420, -0.00885010
 0.00215440, -0.00854492
 0.00215460, -0.00701904
 0.00215480, -0.00579834
 0.00215500, -0.00549316
 0.00215520, -0.00457764
 0.00215540, -0.00396729
 0.00215560, -0.00488281
 0.00215580, -0.00457764
 0.00215600, -0.00549316
 0.00215620, -0.00579834
 0.00215640, -0.00518799
 0.00215660, -0.00427246
 0.00215680, -0.00396729
 0.00215700, -0.00305176
 0.00215720, -0.00213623
 0.00215740, -0.00152588
 0.00215760, -0.00091553
 0.00215780, -0.00122070
 0.00215800, -0.00122070
 0.00215820, -0.00152588
 0.00215840, -0.00244141
 0.00215860, -0.00183105
 0.00215880, -0.00091553
 0.00215900,  0.00000000
 0.00215920,  0.00091553
 0.00215940,  0.00274658
 0.00215960,  0.00396729
 0.00215980,  0.00518799
 0.00216000,  0.00640869
 0.00216020,  0.00579834
 0.00216040,  0.00457764
 0.00216060,  0.00457764
 0.00216080,  0.00488281
 0.00216100,  0.00488281
 0.00216120,  0.00549316
 0.00216140,  0.00671387
 0.00216160,  0.00762939
 0.00216180,  0.00823975
 0.00216200,  0.00915527
 0.00216220,  0.00885010
 0.00216240,  0.00823975
 0.00216260,  0.00671387
 0.00216280,  0.00518799
 0.00216300,  0.00518799
 0.00216320,  0.00457764
 0.00216340,  0.00335693
 0.00216360,  0.00396729
 0.00216380,  0.00396729
 0.00216400,  0.00427246
 0.00216420,  0.00427246
 0.00216440,  0.00366211
 0.00216460,  0.00305176
 0.00216480,  0.00183105
 0.00216500,  0.00061035
 0.00216520, -0.00030518
 0.00216540, -0.00030518
 0.00216560, -0.00061035
 0.00216580, -0.00061035
 0.00216600,  0.00000000
 0.00216620,  0.00000000
 0.00216640,  0.00000000
 0.00216660,  0.00061035
 0.00216680,  0.00030518
 0.00216700,  0.00000000
 0.00216720, -0.00061035
 0.00216740, -0.00091553
 0.00216760, -0.00152588
 0.00216780, -0.00183105
 0.00216800, -0.00152588
 0.00216820, -0.00091553
 0.00216840, -0.00061035
 0.00216860,  0.00030518
 0.00216880,  0.00000000
 0.00216900,  0.00030518
 0.00216920,  0.00030518
 0.00216940, -0.00030518
 0.00216960, -0.00091553
 0.00216980, -0.00122070
 0.00217000, -0.00183105
 0.00217020, -0.00305176
 0.00217040, -0.00396729
 0.00217060, -0.00488281
 0.00217080, -0.00427246
 0.00217100, -0.00396729
 0.00217120, -0.00427246
 0.00217140, -0.00396729
 0.00217160, -0.00396729
 0.00217180, -0.00366211
 0.00217200, -0.00335693
 0.00217220, -0.00305176
 0.00217240, -0.00244141
 0.00217260, -0.00274658
 0.00217280, -0.00244141
 0.00217300, -0.00213623
 0.00217320, -0.00183105
 0.00217340, -0.00122070
 0.00217360, -0.00061035
 0.00217380,  0.00030518
 0.00217400,  0.00091553
 0.00217420,  0.00152588
 0.00217440,  0.00152588
 0.00217460,  0.00213623
 0.00217480,  0.00213623
 0.00217500,  0.00274658
 0.00217520,  0.00366211
 0.00217540,  0.00335693
 0.00217560,  0.00427246
 0.00217580,  0.00457764
 0.00217600,  0.00488281
 0.00217620,  0.00427246
 0.00217640,  0.00518799
 0.00217660,  0.00518799
 0.00217680,  0.00518799
 0.00217700,  0.00518799
 0.00217720,  0.00457764
 0.00217740,  0.00488281
 0.00217760,  0.00488281
 0.00217780,  0.00488281
 0.00217800,  0.00457764
 0.00217820,  0.00488281
 0.00217840,  0.00518799
 0.00217860,  0.00488281
 0.00217880,  0.00488281
 0.00217900,  0.00488281
 0.00217920,  0.00457764
 0.00217940,  0.00457764
 0.00217960,  0.00518799
 0.00217980,  0.00549316
 0.00218000,  0.00549316
 0.00218020,  0.00518799
 0.00218040,  0.00518799
 0.00218060,  0.00549316
 0.00218080,  0.00549316
 0.00218100,  0.00610352
 0.00218120,  0.00549316
 0.00218140,  0.00518799
 0.00218160,  0.00518799
 0.00218180,  0.00579834
 0.00218200,  0.00579834
 0.00218220,  0.00518799
 0.00218240,  0.00427246
 0.00218260,  0.00396729
 0.00218280,  0.00366211
 0.00218300,  0.00183105
 0.00218320,  0.00122070
 0.00218340,  0.00091553
 0.00218360,  0.00000000
 0.00218380, -0.00091553
 0.00218400, -0.00183105
 0.00218420, -0.00274658
 0.00218440, -0.00366211
 0.00218460, -0.00457764
 0.00218480, -0.00518799
 0.00218500, -0.00640869
 0.00218520, -0.00701904
 0.00218540, -0.00732422
 0.00218560, -0.00671387
 0.00218580, -0.00701904
 0.00218600, -0.00762939
 0.00218620, -0.00732422
 0.00218640, -0.00762939
 0.00218660, -0.00762939
 0.00218680, -0.00762939
 0.00218700, -0.00701904
 0.00218720, -0.00610352
 0.00218740, -0.00579834
 0.00218760, -0.00488281
 0.00218780, -0.00396729
 0.00218800, -0.00335693
 0.00218820, -0.00183105
 0.00218840, -0.00183105
 0.00218860, -0.00183105
 0.00218880, -0.00183105
 0.00218900, -0.00274658
 0.00218920, -0.00305176
 0.00218940, -0.00335693
 0.00218960, -0.00396729
 0.00218980, -0.00457764
 0.00219000, -0.00427246
 0.00219020, -0.00488281
 0.00219040, -0.00549316
 0.00219060, -0.00549316
 0.00219080, -0.00579834
 0.00219100, -0.00549316
 0.00219120, -0.00640869
 0.00219140, -0.00732422
 0.00219160, -0.00701904
 0.00219180, -0.00762939
 0.00219200, -0.00762939
 0.00219220, -0.00854492
 0.00219240, -0.00854492
 0.00219260, -0.00793457
 0.00219280, -0.00732422
 0.00219300, -0.00640869
 0.00219320, -0.00549316
 0.00219340, -0.00427246
 0.00219360, -0.00366211
 0.00219380, -0.00305176
 0.00219400, -0.00183105
 0.00219420, -0.00183105
 0.00219440, -0.00122070
 0.00219460, -0.00030518
 0.00219480,  0.00030518
 0.00219500,  0.00000000
 0.00219520,  0.00030518
 0.00219540,  0.00122070
 0.00219560,  0.00183105
 0.00219580,  0.00244141
 0.00219600,  0.00244141
 0.00219620,  0.00305176
 0.00219640,  0.00396729
 0.00219660,  0.00335693
 0.00219680,  0.00335693
 0.00219700,  0.00305176
 0.00219720,  0.00274658
 0.00219740,  0.00274658
 0.00219760,  0.00335693
 0.00219780,  0.00305176
 0.00219800,  0.00366211
 0.00219820,  0.00244141
 0.00219840,  0.00213623
 0.00219860,  0.00122070
 0.00219880, -0.00030518
 0.00219900, -0.00061035
 0.00219920, -0.00122070
 0.00219940, -0.00091553
 0.00219960, -0.00061035
 0.00219980, -0.00122070
 0.00220000, -0.00091553
 0.00220020, -0.00122070
 0.00220040, -0.00122070
 0.00220060, -0.00152588
 0.00220080, -0.00091553
 0.00220100, -0.00122070
 0.00220120, -0.00244141
 0.00220140, -0.00183105
 0.00220160, -0.00122070
 0.00220180, -0.00030518
 0.00220200, -0.00030518
 0.00220220, -0.00030518
 0.00220240, -0.00122070
 0.00220260, -0.00122070
 0.00220280, -0.00244141
 0.00220300, -0.00305176
 0.00220320, -0.00366211
 0.00220340, -0.00396729
 0.00220360, -0.00335693
 0.00220380, -0.00244141
 0.00220400, -0.00366211
 0.00220420, -0.00396729
 0.00220440, -0.00366211
 0.00220460, -0.00396729
 0.00220480, -0.00518799
 0.00220500, -0.00640869
 0.00220520, -0.00732422
 0.00220540, -0.00732422
 0.00220560, -0.00701904
 0.00220580, -0.00762939
 0.00220600, -0.00762939
 0.00220620, -0.00732422
 0.00220640, -0.00732422
 0.00220660, -0.00701904
 0.00220680, -0.00701904
 0.00220700, -0.00701904
 0.00220720, -0.00762939
 0.00220740, -0.00793457
 0.00220760, -0.00823975
 0.00220780, -0.00823975
 0.00220800, -0.00701904
 0.00220820, -0.00671387
 0.00220840, -0.00671387
 0.00220860, -0.00549316
 0.00220880, -0.00518799
 0.00220900, -0.00488281
 0.00220920, -0.00427246
 0.00220940, -0.00305176
 0.00220960, -0.00305176
 0.00220980, -0.00152588
 0.00221000, -0.00061035
 0.00221020,  0.00061035
 0.00221040,  0.00091553
 0.00221060,  0.00152588
 0.00221080,  0.00091553
 0.00221100,  0.00091553
 0.00221120,  0.00000000
 0.00221140, -0.00030518
 0.00221160, -0.00091553
 0.00221180, -0.00152588
 0.00221200, -0.00152588
 0.00221220, -0.00152588
 0.00221240, -0.00091553
 0.00221260, -0.00030518
 0.00221280,  0.00061035
 0.00221300, -0.00030518
 0.00221320, -0.00122070
 0.00221340, -0.00213623
 0.00221360, -0.00305176
 0.00221380, -0.00396729
 0.00221400, -0.00427246
 0.00221420, -0.00457764
 0.00221440, -0.00335693
 0.00221460, -0.00152588
 0.00221480, -0.00091553
 0.00221500,  0.00061035
 0.00221520,  0.00122070
 0.00221540,  0.00213623
 0.00221560,  0.00213623
 0.00221580,  0.00152588
 0.00221600,  0.00152588
 0.00221620,  0.00091553
 0.00221640,  0.00091553
 0.00221660,  0.00122070
 0.00221680,  0.00213623
 0.00221700,  0.00305176
 0.00221720,  0.00335693
 0.00221740,  0.00396729
 0.00221760,  0.00366211
 0.00221780,  0.00427246
 0.00221800,  0.00518799
 0.00221820,  0.00488281
 0.00221840,  0.00488281
 0.00221860,  0.00457764
 0.00221880,  0.00396729
 0.00221900,  0.00366211
 0.00221920,  0.00305176
 0.00221940,  0.00335693
 0.00221960,  0.00305176
 0.00221980,  0.00183105
 0.00222000,  0.00122070
 0.00222020,  0.00000000
 0.00222040, -0.00061035
 0.00222060, -0.00183105
 0.00222080, -0.00244141
 0.00222100, -0.00274658
 0.00222120, -0.00335693
 0.00222140, -0.00335693
 0.00222160, -0.00244141
 0.00222180, -0.00335693
 0.00222200, -0.00335693
 0.00222220, -0.00396729
 0.00222240, -0.00396729
 0.00222260, -0.00457764
 0.00222280, -0.00457764
 0.00222300, -0.00549316
 0.00222320, -0.00549316
 0.00222340, -0.00457764
 0.00222360, -0.00335693
 0.00222380, -0.00213623
 0.00222400, -0.00122070
 0.00222420, -0.00091553
 0.00222440, -0.00091553
 0.00222460, -0.00152588
 0.00222480, -0.00213623
 0.00222500, -0.00305176
 0.00222520, -0.00366211
 0.00222540, -0.00427246
 0.00222560, -0.00488281
 0.00222580, -0.00488281
 0.00222600, -0.00427246
 0.00222620, -0.00427246
 0.00222640, -0.00396729
 0.00222660, -0.00457764
 0.00222680, -0.00518799
 0.00222700, -0.00640869
 0.00222720, -0.00701904
 0.00222740, -0.00793457
 0.00222760, -0.00762939
 0.00222780, -0.00732422
 0.00222800, -0.00732422
 0.00222820, -0.00732422
 0.00222840, -0.00701904
 0.00222860, -0.00671387
 0.00222880, -0.00671387
 0.00222900, -0.00640869
 0.00222920, -0.00732422
 0.00222940, -0.00762939
 0.00222960, -0.00854492
 0.00222980, -0.00762939
 0.00223000, -0.00640869
 0.00223020, -0.00579834
 0.00223040, -0.00518799
 0.00223060, -0.00396729
 0.00223080, -0.00305176
 0.00223100, -0.00274658
 0.00223120, -0.00213623
 0.00223140, -0.00274658
 0.00223160, -0.00366211
 0.00223180, -0.00396729
 0.00223200, -0.00335693
 0.00223220, -0.00274658
 0.00223240, -0.00152588
 0.00223260, -0.00030518
 0.00223280, -0.00030518
 0.00223300,  0.00000000
 0.00223320,  0.00061035
 0.00223340,  0.00030518
 0.00223360, -0.00030518
 0.00223380, -0.00061035
 0.00223400, -0.00183105
 0.00223420, -0.00213623
 0.00223440, -0.00244141
 0.00223460, -0.00183105
 0.00223480, -0.00122070
 0.00223500, -0.00091553
 0.00223520, -0.00122070
 0.00223540, -0.00091553
 0.00223560, -0.00122070
 0.00223580, -0.00213623
 0.00223600, -0.00244141
 0.00223620, -0.00183105
 0.00223640, -0.00244141
 0.00223660, -0.00213623
 0.00223680, -0.00213623
 0.00223700, -0.00091553
 0.00223720, -0.00030518
 0.00223740,  0.00061035
 0.00223760,  0.00000000
 0.00223780,  0.00000000
 0.00223800, -0.00030518
 0.00223820, -0.00061035
 0.00223840, -0.00061035
 0.00223860, -0.00061035
 0.00223880,  0.00000000
 0.00223900,  0.00061035
 0.00223920,  0.00213623
 0.00223940,  0.00244141
 0.00223960,  0.00366211
 0.00223980,  0.00396729
 0.00224000,  0.00396729
 0.00224020,  0.00335693
 0.00224040,  0.00366211
 0.00224060,  0.00305176
 0.00224080,  0.00305176
 0.00224100,  0.00335693
 0.00224120,  0.00335693
 0.00224140,  0.00457764
 0.00224160,  0.00518799
 0.00224180,  0.00610352
 0.00224200,  0.00610352
 0.00224220,  0.00549316
 0.00224240,  0.00457764
 0.00224260,  0.00396729
 0.00224280,  0.00396729
 0.00224300,  0.00335693
 0.00224320,  0.00366211
 0.00224340,  0.00396729
 0.00224360,  0.00427246
 0.00224380,  0.00488281
 0.00224400,  0.00579834
 0.00224420,  0.00640869
 0.00224440,  0.00610352
 0.00224460,  0.00579834
 0.00224480,  0.00488281
 0.00224500,  0.00549316
 0.00224520,  0.00488281
 0.00224540,  0.00488281
 0.00224560,  0.00640869
 0.00224580,  0.00701904
 0.00224600,  0.00671387
 0.00224620,  0.00762939
 0.00224640,  0.00823975
 0.00224660,  0.00762939
 0.00224680,  0.00701904
 0.00224700,  0.00732422
 0.00224720,  0.00732422
 0.00224740,  0.00671387
 0.00224760,  0.00732422
 0.00224780,  0.00732422
 0.00224800,  0.00732422
 0.00224820,  0.00823975
 0.00224840,  0.00885010
 0.00224860,  0.00885010
 0.00224880,  0.00793457
 0.00224900,  0.00732422
 0.00224920,  0.00610352
 0.00224940,  0.00457764
 0.00224960,  0.00305176
 0.00224980,  0.00183105
 0.00225000,  0.00122070
 0.00225020,  0.00122070
 0.00225040,  0.00213623
 0.00225060,  0.00305176
 0.00225080,  0.00305176
 0.00225100,  0.00305176
 0.00225120,  0.00305176
 0.00225140,  0.00213623
 0.00225160,  0.00091553
 0.00225180,  0.00000000
 0.00225200, -0.00091553
 0.00225220, -0.00213623
 0.00225240, -0.00061035
 0.00225260, -0.00061035
 0.00225280,  0.00061035
 0.00225300,  0.00152588
 0.00225320,  0.00213623
 0.00225340,  0.00244141
 0.00225360,  0.00213623
 0.00225380,  0.00030518
 0.00225400, -0.00091553
 0.00225420, -0.00091553
 0.00225440, -0.00122070
 0.00225460, -0.00122070
 0.00225480, -0.00030518
 0.00225500,  0.00061035
 0.00225520,  0.00061035
 0.00225540,  0.00091553
 0.00225560,  0.00152588
 0.00225580,  0.00000000
 0.00225600, -0.00152588
 0.00225620, -0.00305176
 0.00225640, -0.00488281
 0.00225660, -0.00610352
 0.00225680, -0.00671387
 0.00225700, -0.00732422
 0.00225720, -0.00701904
 0.00225740, -0.00701904
 0.00225760, -0.00732422
 0.00225780, -0.00701904
 0.00225800, -0.00762939
 0.00225820, -0.00823975
 0.00225840, -0.00915527
 0.00225860, -0.00915527
 0.00225880, -0.01037598
 0.00225900, -0.01007080
 0.00225920, -0.00915527
 0.00225940, -0.00854492
 0.00225960, -0.00732422
 0.00225980, -0.00640869
 0.00226000, -0.00549316
 0.00226020, -0.00549316
 0.00226040, -0.00518799
 0.00226060, -0.00427246
 0.00226080, -0.00488281
 0.00226100, -0.00427246
 0.00226120, -0.00488281
 0.00226140, -0.00366211
 0.00226160, -0.00335693
 0.00226180, -0.00305176
 0.00226200, -0.00213623
 0.00226220, -0.00183105
 0.00226240, -0.00183105
 0.00226260, -0.00183105
 0.00226280, -0.00213623
 0.00226300, -0.00213623
 0.00226320, -0.00244141
 0.00226340, -0.00274658
 0.00226360, -0.00213623
 0.00226380, -0.00091553
 0.00226400,  0.00030518
 0.00226420,  0.00061035
 0.00226440,  0.00122070
 0.00226460,  0.00122070
 0.00226480,  0.00122070
 0.00226500,  0.00183105
 0.00226520,  0.00152588
 0.00226540,  0.00183105
 0.00226560,  0.00152588
 0.00226580,  0.00122070
 0.00226600,  0.00122070
 0.00226620,  0.00213623
 0.00226640,  0.00305176
 0.00226660,  0.00335693
 0.00226680,  0.00305176
 0.00226700,  0.00274658
 0.00226720,  0.00335693
 0.00226740,  0.00366211
 0.00226760,  0.00366211
 0.00226780,  0.00396729
 0.00226800,  0.00335693
 0.00226820,  0.00457764
 0.00226840,  0.00518799
 0.00226860,  0.00488281
 0.00226880,  0.00518799
 0.00226900,  0.00396729
 0.00226920,  0.00366211
 0.00226940,  0.00335693
 0.00226960,  0.00213623
 0.00226980,  0.00061035
 0.00227000,  0.00000000
 0.00227020,  0.00000000
 0.00227040, -0.00091553
 0.00227060, -0.00030518
 0.00227080,  0.00000000
 0.00227100, -0.00030518
 0.00227120, -0.00091553
 0.00227140, -0.00152588
 0.00227160, -0.00152588
 0.00227180, -0.00305176
 0.00227200, -0.00396729
 0.00227220, -0.00488281
 0.00227240, -0.00457764
 0.00227260, -0.00488281
 0.00227280, -0.00518799
 0.00227300, -0.00488281
 0.00227320, -0.00427246
 0.00227340, -0.00457764
 0.00227360, -0.00427246
 0.00227380, -0.00427246
 0.00227400, -0.00457764
 0.00227420, -0.00457764
 0.00227440, -0.00457764
 0.00227460, -0.00518799
 0.00227480, -0.00518799
 0.00227500, -0.00457764
 0.00227520, -0.00335693
 0.00227540, -0.00274658
 0.00227560, -0.00183105
 0.00227580, -0.00122070
 0.00227600, -0.00030518
 0.00227620, -0.00061035
 0.00227640, -0.00213623
 0.00227660, -0.00305176
 0.00227680, -0.00396729
 0.00227700, -0.00457764
 0.00227720, -0.00518799
 0.00227740, -0.00549316
 0.00227760, -0.00640869
 0.00227780, -0.00610352
 0.00227800, -0.00610352
 0.00227820, -0.00610352
 0.00227840, -0.00640869
 0.00227860, -0.00640869
 0.00227880, -0.00732422
 0.00227900, -0.00823975
 0.00227920, -0.00915527
 0.00227940, -0.00946045
 0.00227960, -0.00823975
 0.00227980, -0.00946045
 0.00228000, -0.00976563
 0.00228020, -0.00915527
 0.00228040, -0.00915527
 0.00228060, -0.00885010
 0.00228080, -0.00823975
 0.00228100, -0.00762939
 0.00228120, -0.00762939
 0.00228140, -0.00701904
 0.00228160, -0.00732422
 0.00228180, -0.00579834
 0.00228200, -0.00518799
 0.00228220, -0.00457764
 0.00228240, -0.00396729
 0.00228260, -0.00457764
 0.00228280, -0.00427246
 0.00228300, -0.00457764
 0.00228320, -0.00396729
 0.00228340, -0.00427246
 0.00228360, -0.00396729
 0.00228380, -0.00488281
 0.00228400, -0.00427246
 0.00228420, -0.00488281
 0.00228440, -0.00518799
 0.00228460, -0.00488281
 0.00228480, -0.00518799
 0.00228500, -0.00549316
 0.00228520, -0.00518799
 0.00228540, -0.00610352
 0.00228560, -0.00640869
 0.00228580, -0.00610352
 0.00228600, -0.00640869
 0.00228620, -0.00701904
 0.00228640, -0.00762939
 0.00228660, -0.00762939
 0.00228680, -0.00640869
 0.00228700, -0.00640869
 0.00228720, -0.00640869
 0.00228740, -0.00610352
 0.00228760, -0.00549316
 0.00228780, -0.00457764
 0.00228800, -0.00396729
 0.00228820, -0.00213623
 0.00228840, -0.00183105
 0.00228860, -0.00091553
 0.00228880, -0.00061035
 0.00228900, -0.00030518
 0.00228920,  0.00061035
 0.00228940,  0.00122070
 0.00228960,  0.00152588
 0.00228980,  0.00183105
 0.00229000,  0.00274658
 0.00229020,  0.00335693
 0.00229040,  0.00427246
 0.00229060,  0.00396729
 0.00229080,  0.00366211
 0.00229100,  0.00396729
 0.00229120,  0.00366211
 0.00229140,  0.00335693
 0.00229160,  0.00305176
 0.00229180,  0.00305176
 0.00229200,  0.00274658
 0.00229220,  0.00335693
 0.00229240,  0.00335693
 0.00229260,  0.00274658
 0.00229280,  0.00244141
 0.00229300,  0.00213623
 0.00229320,  0.00213623
 0.00229340,  0.00152588
 0.00229360,  0.00061035
 0.00229380,  0.00030518
 0.00229400,  0.00030518
 0.00229420,  0.00091553
 0.00229440,  0.00091553
 0.00229460,  0.00091553
 0.00229480,  0.00091553
 0.00229500,  0.00091553
 0.00229520,  0.00091553
 0.00229540,  0.00091553
 0.00229560,  0.00122070
 0.00229580,  0.00152588
 0.00229600,  0.00213623
 0.00229620,  0.00183105
 0.00229640,  0.00183105
 0.00229660,  0.00213623
 0.00229680,  0.00213623
 0.00229700,  0.00244141
 0.00229720,  0.00213623
 0.00229740,  0.00183105
 0.00229760,  0.00152588
 0.00229780,  0.00000000
 0.00229800, -0.00061035
 0.00229820, -0.00122070
 0.00229840, -0.00244141
 0.00229860, -0.00244141
 0.00229880, -0.00305176
 0.00229900, -0.00366211
 0.00229920, -0.00305176
 0.00229940, -0.00366211
 0.00229960, -0.00457764
 0.00229980, -0.00579834
 0.00230000, -0.00579834
 0.00230020, -0.00640869
 0.00230040, -0.00671387
 0.00230060, -0.00701904
 0.00230080, -0.00701904
 0.00230100, -0.00701904
 0.00230120, -0.00640869
 0.00230140, -0.00640869
 0.00230160, -0.00549316
 0.00230180, -0.00488281
 0.00230200, -0.00427246
 0.00230220, -0.00427246
 0.00230240, -0.00366211
 0.00230260, -0.00427246
 0.00230280, -0.00335693
 0.00230300, -0.00244141
 0.00230320, -0.00213623
 0.00230340, -0.00122070
 0.00230360,  0.00000000
 0.00230380,  0.00061035
 0.00230400,  0.00091553
 0.00230420,  0.00091553
 0.00230440,  0.00000000
 0.00230460, -0.00030518
 0.00230480, -0.00030518
 0.00230500, -0.00122070
 0.00230520, -0.00122070
 0.00230540, -0.00213623
 0.00230560, -0.00274658
 0.00230580, -0.00335693
 0.00230600, -0.00335693
 0.00230620, -0.00396729
 0.00230640, -0.00427246
 0.00230660, -0.00396729
 0.00230680, -0.00335693
 0.00230700, -0.00396729
 0.00230720, -0.00396729
 0.00230740, -0.00427246
 0.00230760, -0.00457764
 0.00230780, -0.00488281
 0.00230800, -0.00640869
 0.00230820, -0.00610352
 0.00230840, -0.00579834
 0.00230860, -0.00518799
 0.00230880, -0.00549316
 0.00230900, -0.00488281
 0.00230920, -0.00396729
 0.00230940, -0.00366211
 0.00230960, -0.00366211
 0.00230980, -0.00396729
 0.00231000, -0.00427246
 0.00231020, -0.00366211
 0.00231040, -0.00305176
 0.00231060, -0.00213623
 0.00231080, -0.00152588
 0.00231100, -0.00152588
 0.00231120, -0.00061035
 0.00231140,  0.00061035
 0.00231160,  0.00030518
 0.00231180,  0.00000000
 0.00231200,  0.00000000
 0.00231220,  0.00030518
 0.00231240, -0.00030518
 0.00231260,  0.00000000
 0.00231280,  0.00000000
 0.00231300,  0.00091553
 0.00231320,  0.00122070
 0.00231340,  0.00152588
 0.00231360,  0.00213623
 0.00231380,  0.00274658
 0.00231400,  0.00366211
 0.00231420,  0.00366211
 0.00231440,  0.00305176
 0.00231460,  0.00244141
 0.00231480,  0.00274658
 0.00231500,  0.00305176
 0.00231520,  0.00335693
 0.00231540,  0.00335693
 0.00231560,  0.00488281
 0.00231580,  0.00549316
 0.00231600,  0.00610352
 0.00231620,  0.00640869
 0.00231640,  0.00701904
 0.00231660,  0.00701904
 0.00231680,  0.00701904
 0.00231700,  0.00640869
 0.00231720,  0.00671387
 0.00231740,  0.00671387
 0.00231760,  0.00671387
 0.00231780,  0.00732422
 0.00231800,  0.00854492
 0.00231820,  0.00946045
 0.00231840,  0.01037598
 0.00231860,  0.01068115
 0.00231880,  0.01007080
 0.00231900,  0.01037598
 0.00231920,  0.01007080
 0.00231940,  0.00976563
 0.00231960,  0.00946045
 0.00231980,  0.00946045
 0.00232000,  0.00946045
 0.00232020,  0.00946045
 0.00232040,  0.01007080
 0.00232060,  0.01037598
 0.00232080,  0.01068115
 0.00232100,  0.01037598
 0.00232120,  0.01068115
 0.00232140,  0.01007080
 0.00232160,  0.00946045
 0.00232180,  0.00793457
 0.00232200,  0.00701904
 0.00232220,  0.00671387
 0.00232240,  0.00579834
 0.00232260,  0.00549316
 0.00232280,  0.00549316
 0.00232300,  0.00549316
 0.00232320,  0.00549316
 0.00232340,  0.00518799
 0.00232360,  0.00518799
 0.00232380,  0.00518799
 0.00232400,  0.00427246
 0.00232420,  0.00366211
 0.00232440,  0.00274658
 0.00232460,  0.00244141
 0.00232480,  0.00274658
 0.00232500,  0.00305176
 0.00232520,  0.00274658
 0.00232540,  0.00244141
 0.00232560,  0.00244141
 0.00232580,  0.00274658
 0.00232600,  0.00274658
 0.00232620,  0.00152588
 0.00232640,  0.00152588
 0.00232660,  0.00061035
 0.00232680,  0.00000000
 0.00232700, -0.00122070
 0.00232720, -0.00122070
 0.00232740, -0.00122070
 0.00232760, -0.00122070
 0.00232780, -0.00122070
 0.00232800, -0.00091553
 0.00232820, -0.00213623
 0.00232840, -0.00274658
 0.00232860, -0.00335693
 0.00232880, -0.00427246
 0.00232900, -0.00518799
 0.00232920, -0.00610352
 0.00232940, -0.00640869
 0.00232960, -0.00610352
 0.00232980, -0.00640869
 0.00233000, -0.00579834
 0.00233020, -0.00549316
 0.00233040, -0.00518799
 0.00233060, -0.00671387
 0.00233080, -0.00732422
 0.00233100, -0.00793457
 0.00233120, -0.00885010
 0.00233140, -0.00885010
 0.00233160, -0.00946045
 0.00233180, -0.00885010
 0.00233200, -0.00762939
 0.00233220, -0.00732422
 0.00233240, -0.00610352
 0.00233260, -0.00518799
 0.00233280, -0.00610352
 0.00233300, -0.00671387
 0.00233320, -0.00671387
 0.00233340, -0.00762939
 0.00233360, -0.00762939
 0.00233380, -0.00701904
 0.00233400, -0.00671387
 0.00233420, -0.00640869
 0.00233440, -0.00549316
 0.00233460, -0.00549316
 0.00233480, -0.00610352
 0.00233500, -0.00610352
 0.00233520, -0.00640869
 0.00233540, -0.00671387
 0.00233560, -0.00762939
 0.00233580, -0.00732422
 0.00233600, -0.00793457
 0.00233620, -0.00823975
 0.00233640, -0.00732422
 0.00233660, -0.00579834
 0.00233680, -0.00518799
 0.00233700, -0.00549316
 0.00233720, -0.00457764
 0.00233740, -0.00396729
 0.00233760, -0.00457764
 0.00233780, -0.00518799
 0.00233800, -0.00518799
 0.00233820, -0.00488281
 0.00233840, -0.00427246
 0.00233860, -0.00305176
 0.00233880, -0.00183105
 0.00233900,  0.00000000
 0.00233920,  0.00122070
 0.00233940,  0.00183105
 0.00233960,  0.00274658
 0.00233980,  0.00274658
 0.00234000,  0.00305176
 0.00234020,  0.00305176
 0.00234040,  0.00335693
 0.00234060,  0.00396729
 0.00234080,  0.00457764
 0.00234100,  0.00549316
 0.00234120,  0.00640869
 0.00234140,  0.00671387
 0.00234160,  0.00732422
 0.00234180,  0.00793457
 0.00234200,  0.00793457
 0.00234220,  0.00732422
 0.00234240,  0.00732422
 0.00234260,  0.00640869
 0.00234280,  0.00518799
 0.00234300,  0.00457764
 0.00234320,  0.00427246
 0.00234340,  0.00366211
 0.00234360,  0.00366211
 0.00234380,  0.00396729
 0.00234400,  0.00396729
 0.00234420,  0.00274658
 0.00234440,  0.00305176
 0.00234460,  0.00305176
 0.00234480,  0.00152588
 0.00234500,  0.00000000
 0.00234520, -0.00122070
 0.00234540, -0.00152588
 0.00234560, -0.00183105
 0.00234580, -0.00183105
 0.00234600, -0.00091553
 0.00234620,  0.00030518
 0.00234640,  0.00061035
 0.00234660,  0.00091553
 0.00234680,  0.00152588
 0.00234700,  0.00122070
 0.00234720,  0.00061035
 0.00234740, -0.00030518
 0.00234760, -0.00152588
 0.00234780, -0.00244141
 0.00234800, -0.00213623
 0.00234820, -0.00152588
 0.00234840, -0.00122070
 0.00234860, -0.00030518
 0.00234880,  0.00091553
 0.00234900,  0.00091553
 0.00234920,  0.00091553
 0.00234940, -0.00030518
 0.00234960, -0.00152588
 0.00234980, -0.00335693
 0.00235000, -0.00488281
 0.00235020, -0.00549316
 0.00235040, -0.00457764
 0.00235060, -0.00457764
 0.00235080, -0.00335693
 0.00235100, -0.00274658
 0.00235120, -0.00183105
 0.00235140, -0.00152588
 0.00235160, -0.00213623
 0.00235180, -0.00152588
 0.00235200, -0.00152588
 0.00235220, -0.00244141
 0.00235240, -0.00305176
 0.00235260, -0.00213623
 0.00235280, -0.00122070
 0.00235300, -0.00061035
 0.00235320,  0.00000000
 0.00235340,  0.00091553
 0.00235360,  0.00061035
 0.00235380, -0.00030518
 0.00235400, -0.00061035
 0.00235420, -0.00213623
 0.00235440, -0.00274658
 0.00235460, -0.00366211
 0.00235480, -0.00488281
 0.00235500, -0.00396729
 0.00235520, -0.00366211
 0.00235540, -0.00274658
 0.00235560, -0.00213623
 0.00235580, -0.00183105
 0.00235600, -0.00213623
 0.00235620, -0.00244141
 0.00235640, -0.00366211
 0.00235660, -0.00488281
 0.00235680, -0.00518799
 0.00235700, -0.00488281
 0.00235720, -0.00488281
 0.00235740, -0.00457764
 0.00235760, -0.00457764
 0.00235780, -0.00457764
 0.00235800, -0.00518799
 0.00235820, -0.00579834
 0.00235840, -0.00762939
 0.00235860, -0.00976563
 0.00235880, -0.01190186
 0.00235900, -0.01190186
 0.00235920, -0.01251221
 0.00235940, -0.01190186
 0.00235960, -0.01190186
 0.00235980, -0.01129150
 0.00236000, -0.01037598
 0.00236020, -0.01098633
 0.00236040, -0.01098633
 0.00236060, -0.01220703
 0.00236080, -0.01342773
 0.00236100, -0.01403809
 0.00236120, -0.01434326
 0.00236140, -0.01434326
 0.00236160, -0.01403809
 0.00236180, -0.01190186
 0.00236200, -0.01007080
 0.00236220, -0.00885010
 0.00236240, -0.00793457
 0.00236260, -0.00793457
 0.00236280, -0.00793457
 0.00236300, -0.00793457
 0.00236320, -0.00823975
 0.00236340, -0.00915527
 0.00236360, -0.00976563
 0.00236380, -0.00885010
 0.00236400, -0.00793457
 0.00236420, -0.00701904
 0.00236440, -0.00610352
 0.00236460, -0.00579834
 0.00236480, -0.00579834
 0.00236500, -0.00579834
 0.00236520, -0.00579834
 0.00236540, -0.00610352
 0.00236560, -0.00610352
 0.00236580, -0.00701904
 0.00236600, -0.00701904
 0.00236620, -0.00640869
 0.00236640, -0.00610352
 0.00236660, -0.00549316
 0.00236680, -0.00518799
 0.00236700, -0.00457764
 0.00236720, -0.00396729
 0.00236740, -0.00427246
 0.00236760, -0.00457764
 0.00236780, -0.00457764
 0.00236800, -0.00366211
 0.00236820, -0.00335693
 0.00236840, -0.00244141
 0.00236860, -0.00030518
 0.00236880,  0.00000000
 0.00236900,  0.00091553
 0.00236920,  0.00213623
 0.00236940,  0.00305176
 0.00236960,  0.00305176
 0.00236980,  0.00305176
 0.00237000,  0.00305176
 0.00237020,  0.00305176
 0.00237040,  0.00274658
 0.00237060,  0.00305176
 0.00237080,  0.00335693
 0.00237100,  0.00366211
 0.00237120,  0.00427246
 0.00237140,  0.00427246
 0.00237160,  0.00396729
 0.00237180,  0.00335693
 0.00237200,  0.00335693
 0.00237220,  0.00305176
 0.00237240,  0.00213623
 0.00237260,  0.00183105
 0.00237280,  0.00213623
 0.00237300,  0.00152588
 0.00237320,  0.00122070
 0.00237340,  0.00152588
 0.00237360,  0.00183105
 0.00237380,  0.00213623
 0.00237400,  0.00152588
 0.00237420,  0.00122070
 0.00237440,  0.00030518
 0.00237460,  0.00030518
 0.00237480,  0.00000000
 0.00237500,  0.00030518
 0.00237520,  0.00000000
 0.00237540, -0.00030518
 0.00237560,  0.00000000
 0.00237580,  0.00030518
 0.00237600,  0.00061035
 0.00237620,  0.00091553
 0.00237640,  0.00122070
 0.00237660,  0.00183105
 0.00237680,  0.00152588
 0.00237700,  0.00213623
 0.00237720,  0.00335693
 0.00237740,  0.00396729
 0.00237760,  0.00457764
 0.00237780,  0.00427246
 0.00237800,  0.00488281
 0.00237820,  0.00488281
 0.00237840,  0.00427246
 0.00237860,  0.00396729
 0.00237880,  0.00335693
 0.00237900,  0.00335693
 0.00237920,  0.00213623
 0.00237940,  0.00122070
 0.00237960, -0.00061035
 0.00237980, -0.00091553
 0.00238000, -0.00274658
 0.00238020, -0.00427246
 0.00238040, -0.00549316
 0.00238060, -0.00640869
 0.00238080, -0.00762939
 0.00238100, -0.00762939
 0.00238120, -0.00762939
 0.00238140, -0.00701904
 0.00238160, -0.00610352
 0.00238180, -0.00549316
 0.00238200, -0.00518799
 0.00238220, -0.00396729
 0.00238240, -0.00305176
 0.00238260, -0.00366211
 0.00238280, -0.00396729
 0.00238300, -0.00274658
 0.00238320, -0.00274658
 0.00238340, -0.00274658
 0.00238360, -0.00244141
 0.00238380, -0.00152588
 0.00238400, -0.00122070
 0.00238420,  0.00030518
 0.00238440,  0.00122070
 0.00238460,  0.00213623
 0.00238480,  0.00244141
 0.00238500,  0.00244141
 0.00238520,  0.00213623
 0.00238540,  0.00183105
 0.00238560,  0.00122070
 0.00238580,  0.00030518
 0.00238600,  0.00000000
 0.00238620, -0.00030518
 0.00238640, -0.00122070
 0.00238660, -0.00152588
 0.00238680, -0.00183105
 0.00238700, -0.00152588
 0.00238720, -0.00030518
 0.00238740, -0.00030518
 0.00238760, -0.00091553
 0.00238780, -0.00061035
 0.00238800,  0.00000000
 0.00238820, -0.00030518
 0.00238840,  0.00000000
 0.00238860,  0.00091553
 0.00238880,  0.00030518
 0.00238900,  0.00000000
 0.00238920, -0.00030518
 0.00238940,  0.00000000
 0.00238960, -0.00030518
 0.00238980,  0.00030518
 0.00239000,  0.00030518
 0.00239020,  0.00122070
 0.00239040,  0.00213623
 0.00239060,  0.00274658
 0.00239080,  0.00335693
 0.00239100,  0.00457764
 0.00239120,  0.00396729
 0.00239140,  0.00427246
 0.00239160,  0.00427246
 0.00239180,  0.00427246
 0.00239200,  0.00457764
 0.00239220,  0.00427246
 0.00239240,  0.00427246
 0.00239260,  0.00396729
 0.00239280,  0.00457764
 0.00239300,  0.00396729
 0.00239320,  0.00274658
 0.00239340,  0.00213623
 0.00239360,  0.00122070
 0.00239380,  0.00091553
 0.00239400,  0.00000000
 0.00239420,  0.00030518
 0.00239440,  0.00030518
 0.00239460,  0.00091553
 0.00239480,  0.00183105
 0.00239500,  0.00244141
 0.00239520,  0.00305176
 0.00239540,  0.00335693
 0.00239560,  0.00305176
 0.00239580,  0.00366211
 0.00239600,  0.00366211
 0.00239620,  0.00396729
 0.00239640,  0.00488281
 0.00239660,  0.00488281
 0.00239680,  0.00640869
 0.00239700,  0.00762939
 0.00239720,  0.00915527
 0.00239740,  0.01068115
 0.00239760,  0.01007080
 0.00239780,  0.01037598
 0.00239800,  0.01007080
 0.00239820,  0.00946045
 0.00239840,  0.00946045
 0.00239860,  0.00885010
 0.00239880,  0.00885010
 0.00239900,  0.00915527
 0.00239920,  0.00885010
 0.00239940,  0.00823975
 0.00239960,  0.00823975
 0.00239980,  0.00701904
 0.00240000,  0.00579834
 0.00240020,  0.00427246
 0.00240040,  0.00396729
 0.00240060,  0.00335693
 0.00240080,  0.00244141
 0.00240100,  0.00244141
 0.00240120,  0.00274658
 0.00240140,  0.00244141
 0.00240160,  0.00213623
 0.00240180,  0.00213623
 0.00240200,  0.00152588
 0.00240220,  0.00030518
 0.00240240,  0.00030518
 0.00240260, -0.00030518
 0.00240280, -0.00061035
 0.00240300, -0.00061035
 0.00240320, -0.00061035
 0.00240340, -0.00061035
 0.00240360, -0.00030518
 0.00240380, -0.00091553
 0.00240400, -0.00061035
 0.00240420, -0.00061035
 0.00240440, -0.00122070
 0.00240460, -0.00152588
 0.00240480, -0.00183105
 0.00240500, -0.00183105
 0.00240520, -0.00213623
 0.00240540, -0.00183105
 0.00240560, -0.00305176
 0.00240580, -0.00305176
 0.00240600, -0.00305176
 0.00240620, -0.00213623
 0.00240640, -0.00274658
 0.00240660, -0.00274658
 0.00240680, -0.00274658
 0.00240700, -0.00274658
 0.00240720, -0.00366211
 0.00240740, -0.00274658
 0.00240760, -0.00305176
 0.00240780, -0.00305176
 0.00240800, -0.00305176
 0.00240820, -0.00213623
 0.00240840, -0.00091553
 0.00240860, -0.00122070
 0.00240880, -0.00122070
 0.00240900, -0.00091553
 0.00240920, -0.00091553
 0.00240940, -0.00030518
 0.00240960,  0.00000000
 0.00240980,  0.00061035
 0.00241000,  0.00183105
 0.00241020,  0.00122070
 0.00241040,  0.00183105
 0.00241060,  0.00213623
 0.00241080,  0.00213623
 0.00241100,  0.00244141
 0.00241120,  0.00305176
 0.00241140,  0.00335693
 0.00241160,  0.00366211
 0.00241180,  0.00427246
 0.00241200,  0.00488281
 0.00241220,  0.00427246
 0.00241240,  0.00457764
 0.00241260,  0.00488281
 0.00241280,  0.00396729
 0.00241300,  0.00305176
 0.00241320,  0.00244141
 0.00241340,  0.00274658
 0.00241360,  0.00122070
 0.00241380,  0.00152588
 0.00241400,  0.00061035
 0.00241420,  0.00061035
 0.00241440, -0.00030518
 0.00241460, -0.00091553
 0.00241480, -0.00122070
 0.00241500, -0.00122070
 0.00241520, -0.00152588
 0.00241540, -0.00213623
 0.00241560, -0.00244141
 0.00241580, -0.00274658
 0.00241600, -0.00335693
 0.00241620, -0.00335693
 0.00241640, -0.00427246
 0.00241660, -0.00457764
 0.00241680, -0.00488281
 0.00241700, -0.00488281
 0.00241720, -0.00518799
 0.00241740, -0.00457764
 0.00241760, -0.00427246
 0.00241780, -0.00305176
 0.00241800, -0.00305176
 0.00241820, -0.00244141
 0.00241840, -0.00366211
 0.00241860, -0.00335693
 0.00241880, -0.00305176
 0.00241900, -0.00335693
 0.00241920, -0.00305176
 0.00241940, -0.00244141
 0.00241960, -0.00244141
 0.00241980, -0.00183105
 0.00242000, -0.00183105
 0.00242020, -0.00213623
 0.00242040, -0.00335693
 0.00242060, -0.00244141
 0.00242080, -0.00274658
 0.00242100, -0.00335693
 0.00242120, -0.00366211
 0.00242140, -0.00396729
 0.00242160, -0.00457764
 0.00242180, -0.00488281
 0.00242200, -0.00427246
 0.00242220, -0.00427246
 0.00242240, -0.00366211
 0.00242260, -0.00274658
 0.00242280, -0.00213623
 0.00242300, -0.00183105
 0.00242320, -0.00213623
 0.00242340, -0.00183105
 0.00242360, -0.00122070
 0.00242380, -0.00122070
 0.00242400, -0.00183105
 0.00242420, -0.00183105
 0.00242440, -0.00152588
 0.00242460, -0.00152588
 0.00242480, -0.00122070
 0.00242500, -0.00091553
 0.00242520, -0.00091553
 0.00242540, -0.00091553
 0.00242560, -0.00030518
 0.00242580, -0.00061035
 0.00242600, -0.00061035
 0.00242620, -0.00030518
 0.00242640,  0.00000000
 0.00242660, -0.00030518
 0.00242680, -0.00030518
 0.00242700, -0.00030518
 0.00242720, -0.00122070
 0.00242740, -0.00183105
 0.00242760, -0.00244141
 0.00242780, -0.00244141
 0.00242800, -0.00335693
 0.00242820, -0.00305176
 0.00242840, -0.00335693
 0.00242860, -0.00274658
 0.00242880, -0.00274658
 0.00242900, -0.00213623
 0.00242920, -0.00213623
 0.00242940, -0.00213623
 0.00242960, -0.00244141
 0.00242980, -0.00244141
 0.00243000, -0.00305176
 0.00243020, -0.00335693
 0.00243040, -0.00366211
 0.00243060, -0.00366211
 0.00243080, -0.00366211
 0.00243100, -0.00335693
 0.00243120, -0.00335693
 0.00243140, -0.00274658
 0.00243160, -0.00274658
 0.00243180, -0.00305176
 0.00243200, -0.00427246
 0.00243220, -0.00366211
 0.00243240, -0.00335693
 0.00243260, -0.00305176
 0.00243280, -0.00305176
 0.00243300, -0.00366211
 0.00243320, -0.00335693
 0.00243340, -0.00305176
 0.00243360, -0.00274658
 0.00243380, -0.00183105
 0.00243400, -0.00274658
 0.00243420, -0.00244141
 0.00243440, -0.00244141
 0.00243460, -0.00274658
 0.00243480, -0.00274658
 0.00243500, -0.00244141
 0.00243520, -0.00305176
 0.00243540, -0.00366211
 0.00243560, -0.00366211
 0.00243580, -0.00396729
 0.00243600, -0.00427246
 0.00243620, -0.00427246
 0.00243640, -0.00457764
 0.00243660, -0.00396729
 0.00243680, -0.00457764
 0.00243700, -0.00488281
 0.00243720, -0.00518799
 0.00243740, -0.00549316
 0.00243760, -0.00640869
 0.00243780, -0.00701904
 0.00243800, -0.00701904
 0.00243820, -0.00732422
 0.00243840, -0.00732422
 0.00243860, -0.00640869
 0.00243880, -0.00518799
 0.00243900, -0.00518799
 0.00243920, -0.00549316
 0.00243940, -0.00579834
 0.00243960, -0.00610352
 0.00243980, -0.00610352
 0.00244000, -0.00579834
 0.00244020, -0.00579834
 0.00244040, -0.00610352
 0.00244060, -0.00488281
 0.00244080, -0.00549316
 0.00244100, -0.00549316
 0.00244120, -0.00488281
 0.00244140, -0.00457764
 0.00244160, -0.00488281
 0.00244180, -0.00579834
 0.00244200, -0.00671387
 0.00244220, -0.00671387
 0.00244240, -0.00671387
 0.00244260, -0.00762939
 0.00244280, -0.00793457
 0.00244300, -0.00885010
 0.00244320, -0.00885010
 0.00244340, -0.00885010
 0.00244360, -0.00976563
 0.00244380, -0.01037598
 0.00244400, -0.01007080
 0.00244420, -0.01037598
 0.00244440, -0.00976563
 0.00244460, -0.01037598
 0.00244480, -0.01068115
 0.00244500, -0.01129150
 0.00244520, -0.01098633
 0.00244540, -0.01129150
 0.00244560, -0.01098633
 0.00244580, -0.01098633
 0.00244600, -0.01068115
 0.00244620, -0.01098633
 0.00244640, -0.01007080
 0.00244660, -0.01098633
 0.00244680, -0.01068115
 0.00244700, -0.00976563
 0.00244720, -0.00854492
 0.00244740, -0.00732422
 0.00244760, -0.00732422
 0.00244780, -0.00701904
 0.00244800, -0.00671387
 0.00244820, -0.00701904
 0.00244840, -0.00701904
 0.00244860, -0.00701904
 0.00244880, -0.00701904
 0.00244900, -0.00793457
 0.00244920, -0.00793457
 0.00244940, -0.00854492
 0.00244960, -0.00823975
 0.00244980, -0.00854492
 0.00245000, -0.00854492
 0.00245020, -0.00885010
 0.00245040, -0.00885010
 0.00245060, -0.00854492
 0.00245080, -0.00854492
 0.00245100, -0.00885010
 0.00245120, -0.00762939
 0.00245140, -0.00762939
 0.00245160, -0.00732422
 0.00245180, -0.00671387
 0.00245200, -0.00640869
 0.00245220, -0.00549316
 0.00245240, -0.00549316
 0.00245260, -0.00518799
 0.00245280, -0.00427246
 0.00245300, -0.00335693
 0.00245320, -0.00244141
 0.00245340, -0.00122070
 0.00245360, -0.00030518
 0.00245380,  0.00061035
 0.00245400,  0.00152588
 0.00245420,  0.00213623
 0.00245440,  0.00274658
 0.00245460,  0.00335693
 0.00245480,  0.00396729
 0.00245500,  0.00457764
 0.00245520,  0.00457764
 0.00245540,  0.00518799
 0.00245560,  0.00579834
 0.00245580,  0.00701904
 0.00245600,  0.00762939
 0.00245620,  0.00793457
 0.00245640,  0.00885010
 0.00245660,  0.00854492
 0.00245680,  0.00854492
 0.00245700,  0.00854492
 0.00245720,  0.00854492
 0.00245740,  0.00793457
 0.00245760,  0.00762939
 0.00245780,  0.00793457
 0.00245800,  0.00762939
 0.00245820,  0.00762939
 0.00245840,  0.00793457
 0.00245860,  0.00885010
 0.00245880,  0.00854492
 0.00245900,  0.00915527
 0.00245920,  0.00854492
 0.00245940,  0.00885010
 0.00245960,  0.00915527
 0.00245980,  0.00885010
 0.00246000,  0.00854492
 0.00246020,  0.00946045
 0.00246040,  0.01129150
 0.00246060,  0.01129150
 0.00246080,  0.01098633
 0.00246100,  0.01190186
 0.00246120,  0.01251221
 0.00246140,  0.01312256
 0.00246160,  0.01281738
 0.00246180,  0.01220703
 0.00246200,  0.01190186
 0.00246220,  0.01159668
 0.00246240,  0.01068115
 0.00246260,  0.01098633
 0.00246280,  0.01068115
 0.00246300,  0.01037598
 0.00246320,  0.00976563
 0.00246340,  0.00854492
 0.00246360,  0.00793457
 0.00246380,  0.00732422
 0.00246400,  0.00701904
 0.00246420,  0.00671387
 0.00246440,  0.00610352
 0.00246460,  0.00579834
 0.00246480,  0.00518799
 0.00246500,  0.00457764
 0.00246520,  0.00396729
 0.00246540,  0.00366211
 0.00246560,  0.00335693
 0.00246580,  0.00305176
 0.00246600,  0.00305176
 0.00246620,  0.00274658
 0.00246640,  0.00335693
 0.00246660,  0.00396729
 0.00246680,  0.00427246
 0.00246700,  0.00457764
 0.00246720,  0.00427246
 0.00246740,  0.00518799
 0.00246760,  0.00579834
 0.00246780,  0.00549316
 0.00246800,  0.00610352
 0.00246820,  0.00640869
 0.00246840,  0.00640869
 0.00246860,  0.00671387
 0.00246880,  0.00671387
 0.00246900,  0.00671387
 0.00246920,  0.00671387
 0.00246940,  0.00640869
 0.00246960,  0.00610352
 0.00246980,  0.00549316
 0.00247000,  0.00518799
 0.00247020,  0.00549316
 0.00247040,  0.00488281
 0.00247060,  0.00518799
 0.00247080,  0.00427246
 0.00247100,  0.00396729
 0.00247120,  0.00305176
 0.00247140,  0.00213623
 0.00247160,  0.00091553
 0.00247180,  0.00091553
 0.00247200,  0.00061035
 0.00247220,  0.00061035
 0.00247240,  0.00000000
 0.00247260,  0.00000000
 0.00247280,  0.00061035
 0.00247300,  0.00030518
 0.00247320,  0.00091553
 0.00247340,  0.00061035
 0.00247360,  0.00030518
 0.00247380,  0.00122070
 0.00247400,  0.00030518
 0.00247420,  0.00030518
 0.00247440, -0.00030518
 0.00247460, -0.00030518
 0.00247480, -0.00030518
 0.00247500,  0.00030518
 0.00247520,  0.00030518
 0.00247540,  0.00061035
 0.00247560,  0.00091553
 0.00247580,  0.00091553
 0.00247600,  0.00091553
 0.00247620,  0.00061035
 0.00247640,  0.00030518
 0.00247660, -0.00030518
 0.00247680, -0.00091553
 0.00247700, -0.00061035
 0.00247720, -0.00091553
 0.00247740, -0.00152588
 0.00247760, -0.00122070
 0.00247780, -0.00183105
 0.00247800, -0.00335693
 0.00247820, -0.00335693
 0.00247840, -0.00427246
 0.00247860, -0.00549316
 0.00247880, -0.00579834
 0.00247900, -0.00640869
 0.00247920, -0.00579834
 0.00247940, -0.00518799
 0.00247960, -0.00518799
 0.00247980, -0.00518799
 0.00248000, -0.00518799
 0.00248020, -0.00579834
 0.00248040, -0.00579834
 0.00248060, -0.00610352
 0.00248080, -0.00671387
 0.00248100, -0.00549316
 0.00248120, -0.00518799
 0.00248140, -0.00427246
 0.00248160, -0.00366211
 0.00248180, -0.00335693
 0.00248200, -0.00213623
 0.00248220, -0.00152588
 0.00248240, -0.00213623
 0.00248260, -0.00305176
 0.00248280, -0.00274658
 0.00248300, -0.00213623
 0.00248320, -0.00213623
 0.00248340, -0.00152588
 0.00248360, -0.00091553
 0.00248380, -0.00091553
 0.00248400, -0.00091553
 0.00248420, -0.00091553
 0.00248440, -0.00122070
 0.00248460, -0.00152588
 0.00248480, -0.00183105
 0.00248500, -0.00244141
 0.00248520, -0.00305176
 0.00248540, -0.00396729
 0.00248560, -0.00366211
 0.00248580, -0.00366211
 0.00248600, -0.00366211
 0.00248620, -0.00396729
 0.00248640, -0.00366211
 0.00248660, -0.00366211
 0.00248680, -0.00396729
 0.00248700, -0.00396729
 0.00248720, -0.00396729
 0.00248740, -0.00366211
 0.00248760, -0.00305176
 0.00248780, -0.00274658
 0.00248800, -0.00213623
 0.00248820, -0.00152588
 0.00248840, -0.00030518
 0.00248860,  0.00000000
 0.00248880,  0.00122070
 0.00248900,  0.00244141
 0.00248920,  0.00335693
 0.00248940,  0.00488281
 0.00248960,  0.00427246
 0.00248980,  0.00396729
 0.00249000,  0.00396729
 0.00249020,  0.00366211
 0.00249040,  0.00335693
 0.00249060,  0.00305176
 0.00249080,  0.00244141
 0.00249100,  0.00152588
 0.00249120,  0.00183105
 0.00249140,  0.00213623
 0.00249160,  0.00183105
 0.00249180,  0.00122070
 0.00249200,  0.00061035
 0.00249220, -0.00061035
 0.00249240, -0.00152588
 0.00249260, -0.00244141
 0.00249280, -0.00244141
 0.00249300, -0.00335693
 0.00249320, -0.00396729
 0.00249340, -0.00366211
 0.00249360, -0.00305176
 0.00249380, -0.00274658
 0.00249400, -0.00335693
 0.00249420, -0.00244141
 0.00249440, -0.00122070
 0.00249460, -0.00122070
 0.00249480, -0.00091553
 0.00249500, -0.00122070
 0.00249520, -0.00091553
 0.00249540, -0.00030518
 0.00249560,  0.00030518
 0.00249580,  0.00000000
 0.00249600,  0.00030518
 0.00249620,  0.00122070
 0.00249640,  0.00091553
 0.00249660,  0.00122070
 0.00249680,  0.00061035
 0.00249700, -0.00030518
 0.00249720, -0.00030518
 0.00249740, -0.00152588
 0.00249760, -0.00152588
 0.00249780, -0.00122070
 0.00249800, -0.00122070
 0.00249820, -0.00152588
 0.00249840, -0.00152588
 0.00249860, -0.00152588
 0.00249880, -0.00213623
 0.00249900, -0.00274658
 0.00249920, -0.00274658
 0.00249940, -0.00366211
 0.00249960, -0.00396729
 0.00249980, -0.00396729
 0.00250000, -0.00305176
 0.00250020, -0.00396729
 0.00250040, -0.00366211
 0.00250060, -0.00366211
 0.00250080, -0.00396729
 0.00250100, -0.00396729
 0.00250120, -0.00427246
 0.00250140, -0.00427246
 0.00250160, -0.00457764
 0.00250180, -0.00457764
 0.00250200, -0.00518799
 0.00250220, -0.00549316
 0.00250240, -0.00549316
 0.00250260, -0.00549316
 0.00250280, -0.00549316
 0.00250300, -0.00518799
 0.00250320, -0.00396729
 0.00250340, -0.00396729
 0.00250360, -0.00366211
 0.00250380, -0.00335693
 0.00250400, -0.00305176
 0.00250420, -0.00335693
 0.00250440, -0.00366211
 0.00250460, -0.00366211
 0.00250480, -0.00457764
 0.00250500, -0.00427246
 0.00250520, -0.00457764
 0.00250540, -0.00457764
 0.00250560, -0.00457764
 0.00250580, -0.00488281
 0.00250600, -0.00549316
 0.00250620, -0.00640869
 0.00250640, -0.00701904
 0.00250660, -0.00793457
 0.00250680, -0.00915527
 0.00250700, -0.01068115
 0.00250720, -0.01068115
 0.00250740, -0.01098633
 0.00250760, -0.01129150
 0.00250780, -0.01159668
 0.00250800, -0.01190186
 0.00250820, -0.01129150
 0.00250840, -0.01129150
 0.00250860, -0.01190186
 0.00250880, -0.01159668
 0.00250900, -0.01220703
 0.00250920, -0.01251221
 0.00250940, -0.01129150
 0.00250960, -0.01068115
 0.00250980, -0.01098633
 0.00251000, -0.01007080
 0.00251020, -0.01007080
 0.00251040, -0.01007080
 0.00251060, -0.01007080
 0.00251080, -0.01007080
 0.00251100, -0.00946045
 0.00251120, -0.00976563
 0.00251140, -0.01007080
 0.00251160, -0.00976563
 0.00251180, -0.00946045
 0.00251200, -0.00915527
 0.00251220, -0.00946045
 0.00251240, -0.00915527
 0.00251260, -0.00946045
 0.00251280, -0.00885010
 0.00251300, -0.01007080
 0.00251320, -0.01098633
 0.00251340, -0.01098633
 0.00251360, -0.01098633
 0.00251380, -0.01129150
 0.00251400, -0.01190186
 0.00251420, -0.01159668
 0.00251440, -0.01068115
 0.00251460, -0.01007080
 0.00251480, -0.01037598
 0.00251500, -0.01037598
 0.00251520, -0.01129150
 0.00251540, -0.01190186
 0.00251560, -0.01129150
 0.00251580, -0.01068115
 0.00251600, -0.00976563
 0.00251620, -0.00946045
 0.00251640, -0.00762939
 0.00251660, -0.00640869
 0.00251680, -0.00518799
 0.00251700, -0.00396729
 0.00251720, -0.00335693
 0.00251740, -0.00244141
 0.00251760, -0.00274658
 0.00251780, -0.00305176
 0.00251800, -0.00244141
 0.00251820, -0.00122070
 0.00251840,  0.00030518
 0.00251860,  0.00183105
 0.00251880,  0.00305176
 0.00251900,  0.00366211
 0.00251920,  0.00427246
 0.00251940,  0.00488281
 0.00251960,  0.00488281
 0.00251980,  0.00396729
 0.00252000,  0.00396729
 0.00252020,  0.00305176
 0.00252040,  0.00244141
 0.00252060,  0.00183105
 0.00252080,  0.00122070
 0.00252100,  0.00152588
 0.00252120,  0.00152588
 0.00252140,  0.00152588
 0.00252160,  0.00213623
 0.00252180,  0.00274658
 0.00252200,  0.00305176
 0.00252220,  0.00305176
 0.00252240,  0.00366211
 0.00252260,  0.00396729
 0.00252280,  0.00335693
 0.00252300,  0.00366211
 0.00252320,  0.00457764
 0.00252340,  0.00549316
 0.00252360,  0.00671387
 0.00252380,  0.00701904
 0.00252400,  0.00732422
 0.00252420,  0.00854492
 0.00252440,  0.00885010
 0.00252460,  0.00976563
 0.00252480,  0.00976563
 0.00252500,  0.00976563
 0.00252520,  0.00976563
 0.00252540,  0.01037598
 0.00252560,  0.01007080
 0.00252580,  0.01068115
 0.00252600,  0.01098633
 0.00252620,  0.01129150
 0.00252640,  0.01068115
 0.00252660,  0.01037598
 0.00252680,  0.01037598
 0.00252700,  0.00946045
 0.00252720,  0.00946045
 0.00252740,  0.00976563
 0.00252760,  0.00823975
 0.00252780,  0.00793457
 0.00252800,  0.00793457
 0.00252820,  0.00823975
 0.00252840,  0.00885010
 0.00252860,  0.00793457
 0.00252880,  0.00793457
 0.00252900,  0.00793457
 0.00252920,  0.00701904
 0.00252940,  0.00671387
 0.00252960,  0.00701904
 0.00252980,  0.00610352
 0.00253000,  0.00640869
 0.00253020,  0.00610352
 0.00253040,  0.00610352
 0.00253060,  0.00610352
 0.00253080,  0.00701904
 0.00253100,  0.00732422
 0.00253120,  0.00762939
 0.00253140,  0.00762939
 0.00253160,  0.00793457
 0.00253180,  0.00762939
 0.00253200,  0.00793457
 0.00253220,  0.00701904
 0.00253240,  0.00701904
 0.00253260,  0.00732422
 0.00253280,  0.00701904
 0.00253300,  0.00671387
 0.00253320,  0.00701904
 0.00253340,  0.00671387
 0.00253360,  0.00610352
 0.00253380,  0.00518799
 0.00253400,  0.00488281
 0.00253420,  0.00518799
 0.00253440,  0.00518799
 0.00253460,  0.00427246
 0.00253480,  0.00366211
 0.00253500,  0.00274658
 0.00253520,  0.00244141
 0.00253540,  0.00061035
 0.00253560,  0.00030518
 0.00253580, -0.00122070
 0.00253600, -0.00152588
 0.00253620, -0.00122070
 0.00253640, -0.00152588
 0.00253660, -0.00183105
 0.00253680, -0.00183105
 0.00253700, -0.00213623
 0.00253720, -0.00183105
 0.00253740, -0.00183105
 0.00253760, -0.00122070
 0.00253780, -0.00183105
 0.00253800, -0.00152588
 0.00253820, -0.00152588
 0.00253840, -0.00122070
 0.00253860, -0.00091553
 0.00253880, -0.00061035
 0.00253900,  0.00030518
 0.00253920,  0.00091553
 0.00253940,  0.00061035
 0.00253960,  0.00122070
 0.00253980,  0.00152588
 0.00254000,  0.00183105
 0.00254020,  0.00213623
 0.00254040,  0.00213623
 0.00254060,  0.00183105
 0.00254080,  0.00152588
 0.00254100,  0.00091553
 0.00254120,  0.00061035
 0.00254140,  0.00000000
 0.00254160, -0.00091553
 0.00254180, -0.00152588
 0.00254200, -0.00183105
 0.00254220, -0.00183105
 0.00254240, -0.00152588
 0.00254260, -0.00244141
 0.00254280, -0.00274658
 0.00254300, -0.00335693
 0.00254320, -0.00335693
 0.00254340, -0.00244141
 0.00254360, -0.00213623
 0.00254380, -0.00274658
 0.00254400, -0.00366211
 0.00254420, -0.00366211
 0.00254440, -0.00274658
 0.00254460, -0.00213623
 0.00254480, -0.00244141
 0.00254500, -0.00213623
 0.00254520, -0.00152588
 0.00254540, -0.00122070
 0.00254560, -0.00061035
 0.00254580,  0.00061035
 0.00254600,  0.00122070
 0.00254620,  0.00183105
 0.00254640,  0.00244141
 0.00254660,  0.00213623
 0.00254680,  0.00305176
 0.00254700,  0.00335693
 0.00254720,  0.00366211
 0.00254740,  0.00305176
 0.00254760,  0.00335693
 0.00254780,  0.00244141
 0.00254800,  0.00122070
 0.00254820,  0.00091553
 0.00254840,  0.00030518
 0.00254860, -0.00030518
 0.00254880, -0.00061035
 0.00254900, -0.00122070
 0.00254920, -0.00183105
 0.00254940, -0.00274658
 0.00254960, -0.00305176
 0.00254980, -0.00366211
 0.00255000, -0.00457764
 0.00255020, -0.00518799
 0.00255040, -0.00640869
 0.00255060, -0.00610352
 0.00255080, -0.00671387
 0.00255100, -0.00732422
 0.00255120, -0.00762939
 0.00255140, -0.00762939
 0.00255160, -0.00762939
 0.00255180, -0.00793457
 0.00255200, -0.00701904
 0.00255220, -0.00762939
 0.00255240, -0.00793457
 0.00255260, -0.00732422
 0.00255280, -0.00701904
 0.00255300, -0.00701904
 0.00255320, -0.00671387
 0.00255340, -0.00671387
 0.00255360, -0.00701904
 0.00255380, -0.00640869
 0.00255400, -0.00671387
 0.00255420, -0.00610352
 0.00255440, -0.00579834
 0.00255460, -0.00549316
 0.00255480, -0.00610352
 0.00255500, -0.00640869
 0.00255520, -0.00549316
 0.00255540, -0.00579834
 0.00255560, -0.00579834
 0.00255580, -0.00610352
 0.00255600, -0.00640869
 0.00255620, -0.00610352
 0.00255640, -0.00701904
 0.00255660, -0.00610352
 0.00255680, -0.00579834
 0.00255700, -0.00549316
 0.00255720, -0.00488281
 0.00255740, -0.00488281
 0.00255760, -0.00488281
 0.00255780, -0.00457764
 0.00255800, -0.00427246
 0.00255820, -0.00427246
 0.00255840, -0.00366211
 0.00255860, -0.00274658
 0.00255880, -0.00183105
 0.00255900, -0.00122070
 0.00255920, -0.00061035
 0.00255940,  0.00091553
 0.00255960,  0.00183105
 0.00255980,  0.00152588
 0.00256000,  0.00244141
 0.00256020,  0.00244141
 0.00256040,  0.00305176
 0.00256060,  0.00366211
 0.00256080,  0.00488281
 0.00256100,  0.00518799
 0.00256120,  0.00549316
 0.00256140,  0.00640869
 0.00256160,  0.00640869
 0.00256180,  0.00610352
 0.00256200,  0.00488281
 0.00256220,  0.00427246
 0.00256240,  0.00396729
 0.00256260,  0.00366211
 0.00256280,  0.00305176
 0.00256300,  0.00244141
 0.00256320,  0.00244141
 0.00256340,  0.00244141
 0.00256360,  0.00335693
 0.00256380,  0.00305176
 0.00256400,  0.00244141
 0.00256420,  0.00122070
 0.00256440,  0.00061035
 0.00256460, -0.00030518
 0.00256480, -0.00061035
 0.00256500, -0.00030518
 0.00256520, -0.00061035
 0.00256540, -0.00030518
 0.00256560, -0.00061035
 0.00256580, -0.00030518
 0.00256600, -0.00030518
 0.00256620, -0.00061035
 0.00256640, -0.00091553
 0.00256660, -0.00091553
 0.00256680, -0.00091553
 0.00256700, -0.00122070
 0.00256720, -0.00061035
 0.00256740,  0.00000000
 0.00256760,  0.00030518
 0.00256780,  0.00091553
 0.00256800,  0.00091553
 0.00256820,  0.00091553
 0.00256840,  0.00183105
 0.00256860,  0.00213623
 0.00256880,  0.00244141
 0.00256900,  0.00335693
 0.00256920,  0.00366211
 0.00256940,  0.00305176
 0.00256960,  0.00274658
 0.00256980,  0.00244141
 0.00257000,  0.00152588
 0.00257020,  0.00091553
 0.00257040,  0.00000000
 0.00257060,  0.00000000
 0.00257080,  0.00000000
 0.00257100, -0.00061035
 0.00257120, -0.00152588
 0.00257140, -0.00274658
 0.00257160, -0.00244141
 0.00257180, -0.00305176
 0.00257200, -0.00396729
 0.00257220, -0.00396729
 0.00257240, -0.00396729
 0.00257260, -0.00457764
 0.00257280, -0.00488281
 0.00257300, -0.00457764
 0.00257320, -0.00427246
 0.00257340, -0.00427246
 0.00257360, -0.00488281
 0.00257380, -0.00427246
 0.00257400, -0.00457764
 0.00257420, -0.00457764
 0.00257440, -0.00488281
 0.00257460, -0.00518799
 0.00257480, -0.00488281
 0.00257500, -0.00518799
 0.00257520, -0.00488281
 0.00257540, -0.00457764
 0.00257560, -0.00549316
 0.00257580, -0.00579834
 0.00257600, -0.00579834
 0.00257620, -0.00549316
 0.00257640, -0.00671387
 0.00257660, -0.00732422
 0.00257680, -0.00732422
 0.00257700, -0.00701904
 0.00257720, -0.00640869
 0.00257740, -0.00518799
 0.00257760, -0.00579834
 0.00257780, -0.00549316
 0.00257800, -0.00579834
 0.00257820, -0.00579834
 0.00257840, -0.00610352
 0.00257860, -0.00549316
 0.00257880, -0.00610352
 0.00257900, -0.00579834
 0.00257920, -0.00640869
 0.00257940, -0.00549316
 0.00257960, -0.00518799
 0.00257980, -0.00457764
 0.00258000, -0.00457764
 0.00258020, -0.00396729
 0.00258040, -0.00396729
 0.00258060, -0.00366211
 0.00258080, -0.00335693
 0.00258100, -0.00366211
 0.00258120, -0.00335693
 0.00258140, -0.00244141
 0.00258160, -0.00274658
 0.00258180, -0.00274658
 0.00258200, -0.00244141
 0.00258220, -0.00305176
 0.00258240, -0.00305176
 0.00258260, -0.00305176
 0.00258280, -0.00305176
 0.00258300, -0.00213623
 0.00258320, -0.00152588
 0.00258340, -0.00122070
 0.00258360, -0.00152588
 0.00258380, -0.00152588
 0.00258400, -0.00183105
 0.00258420, -0.00213623
 0.00258440, -0.00244141
 0.00258460, -0.00335693
 0.00258480, -0.00396729
 0.00258500, -0.00396729
 0.00258520, -0.00396729
 0.00258540, -0.00396729
 0.00258560, -0.00427246
 0.00258580, -0.00427246
 0.00258600, -0.00457764
 0.00258620, -0.00396729
 0.00258640, -0.00518799
 0.00258660, -0.00518799
 0.00258680, -0.00518799
 0.00258700, -0.00640869
 0.00258720, -0.00640869
 0.00258740, -0.00701904
 0.00258760, -0.00640869
 0.00258780, -0.00610352
 0.00258800, -0.00579834
 0.00258820, -0.00640869
 0.00258840, -0.00640869
 0.00258860, -0.00671387
 0.00258880, -0.00671387
 0.00258900, -0.00610352
 0.00258920, -0.00610352
 0.00258940, -0.00610352
 0.00258960, -0.00549316
 0.00258980, -0.00427246
 0.00259000, -0.00427246
 0.00259020, -0.00457764
 0.00259040, -0.00427246
 0.00259060, -0.00335693
 0.00259080, -0.00335693
 0.00259100, -0.00244141
 0.00259120, -0.00274658
 0.00259140, -0.00213623
 0.00259160, -0.00122070
 0.00259180,  0.00000000
 0.00259200,  0.00091553
 0.00259220,  0.00122070
 0.00259240,  0.00183105
 0.00259260,  0.00183105
 0.00259280,  0.00244141
 0.00259300,  0.00213623
 0.00259320,  0.00305176
 0.00259340,  0.00335693
 0.00259360,  0.00305176
 0.00259380,  0.00366211
 0.00259400,  0.00366211
 0.00259420,  0.00305176
 0.00259440,  0.00366211
 0.00259460,  0.00396729
 0.00259480,  0.00457764
 0.00259500,  0.00396729
 0.00259520,  0.00366211
 0.00259540,  0.00457764
 0.00259560,  0.00488281
 0.00259580,  0.00488281
 0.00259600,  0.00549316
 0.00259620,  0.00579834
 0.00259640,  0.00732422
 0.00259660,  0.00762939
 0.00259680,  0.00762939
 0.00259700,  0.00823975
 0.00259720,  0.00885010
 0.00259740,  0.00946045
 0.00259760,  0.01068115
 0.00259780,  0.01068115
 0.00259800,  0.01129150
 0.00259820,  0.01190186
 0.00259840,  0.01190186
 0.00259860,  0.01220703
 0.00259880,  0.01190186
 0.00259900,  0.01220703
 0.00259920,  0.01220703
 0.00259940,  0.01190186
 0.00259960,  0.01098633
 0.00259980,  0.01129150
 0.00260000,  0.01129150
 0.00260020,  0.01098633
 0.00260040,  0.01037598
 0.00260060,  0.00976563
 0.00260080,  0.00854492
 0.00260100,  0.00793457
 0.00260120,  0.00885010
 0.00260140,  0.00823975
 0.00260160,  0.00762939
 0.00260180,  0.00732422
 0.00260200,  0.00701904
 0.00260220,  0.00640869
 0.00260240,  0.00732422
 0.00260260,  0.00732422
 0.00260280,  0.00732422
 0.00260300,  0.00701904
 0.00260320,  0.00610352
 0.00260340,  0.00488281
 0.00260360,  0.00518799
 0.00260380,  0.00488281
 0.00260400,  0.00396729
 0.00260420,  0.00396729
 0.00260440,  0.00396729
 0.00260460,  0.00305176
 0.00260480,  0.00366211
 0.00260500,  0.00396729
 0.00260520,  0.00244141
 0.00260540,  0.00274658
 0.00260560,  0.00152588
 0.00260580,  0.00152588
 0.00260600,  0.00061035
 0.00260620,  0.00061035
 0.00260640, -0.00030518
 0.00260660, -0.00091553
 0.00260680, -0.00152588
 0.00260700, -0.00244141
 0.00260720, -0.00274658
 0.00260740, -0.00396729
 0.00260760, -0.00335693
 0.00260780, -0.00335693
 0.00260800, -0.00457764
 0.00260820, -0.00488281
 0.00260840, -0.00488281
 0.00260860, -0.00457764
 0.00260880, -0.00488281
 0.00260900, -0.00549316
 0.00260920, -0.00579834
 0.00260940, -0.00549316
 0.00260960, -0.00579834
 0.00260980, -0.00640869
 0.00261000, -0.00671387
 0.00261020, -0.00640869
 0.00261040, -0.00640869
 0.00261060, -0.00579834
 0.00261080, -0.00640869
 0.00261100, -0.00610352
 0.00261120, -0.00640869
 0.00261140, -0.00671387
 0.00261160, -0.00671387
 0.00261180, -0.00793457
 0.00261200, -0.00762939
 0.00261220, -0.00793457
 0.00261240, -0.00823975
 0.00261260, -0.00793457
 0.00261280, -0.00701904
 0.00261300, -0.00732422
 0.00261320, -0.00671387
 0.00261340, -0.00701904
 0.00261360, -0.00671387
 0.00261380, -0.00640869
 0.00261400, -0.00640869
 0.00261420, -0.00579834
 0.00261440, -0.00640869
 0.00261460, -0.00579834
 0.00261480, -0.00640869
 0.00261500, -0.00671387
 0.00261520, -0.00762939
 0.00261540, -0.00762939
 0.00261560, -0.00762939
 0.00261580, -0.00701904
 0.00261600, -0.00762939
 0.00261620, -0.00671387
 0.00261640, -0.00671387
 0.00261660, -0.00701904
 0.00261680, -0.00610352
 0.00261700, -0.00610352
 0.00261720, -0.00640869
 0.00261740, -0.00732422
 0.00261760, -0.00732422
 0.00261780, -0.00762939
 0.00261800, -0.00823975
 0.00261820, -0.00793457
 0.00261840, -0.00762939
 0.00261860, -0.00671387
 0.00261880, -0.00579834
 0.00261900, -0.00610352
 0.00261920, -0.00579834
 0.00261940, -0.00549316
 0.00261960, -0.00671387
 0.00261980, -0.00610352
 0.00262000, -0.00640869
 0.00262020, -0.00640869
 0.00262040, -0.00579834
 0.00262060, -0.00518799
 0.00262080, -0.00366211
 0.00262100, -0.00305176
 0.00262120, -0.00305176
 0.00262140, -0.00305176
 0.00262160, -0.00244141
 0.00262180, -0.00305176
 0.00262200, -0.00274658
 0.00262220, -0.00305176
 0.00262240, -0.00274658
 0.00262260, -0.00274658
 0.00262280, -0.00183105
 0.00262300, -0.00091553
 0.00262320, -0.00061035
 0.00262340, -0.00091553
 0.00262360, -0.00091553
 0.00262380, -0.00122070
 0.00262400, -0.00183105
 0.00262420, -0.00152588
 0.00262440, -0.00152588
 0.00262460, -0.00122070
 0.00262480, -0.00122070
 0.00262500,  0.00000000
 0.00262520,  0.00061035
 0.00262540,  0.00061035
 0.00262560,  0.00183105
 0.00262580,  0.00244141
 0.00262600,  0.00213623
 0.00262620,  0.00183105
 0.00262640,  0.00122070
 0.00262660,  0.00213623
 0.00262680,  0.00244141
 0.00262700,  0.00213623
 0.00262720,  0.00274658
 0.00262740,  0.00335693
 0.00262760,  0.00366211
 0.00262780,  0.00457764
 0.00262800,  0.00488281
 0.00262820,  0.00488281
 0.00262840,  0.00488281
 0.00262860,  0.00457764
 0.00262880,  0.00335693
 0.00262900,  0.00335693
 0.00262920,  0.00244141
 0.00262940,  0.00213623
 0.00262960,  0.00274658
 0.00262980,  0.00305176
 0.00263000,  0.00213623
 0.00263020,  0.00213623
 0.00263040,  0.00213623
 0.00263060,  0.00122070
 0.00263080,  0.00030518
 0.00263100,  0.00000000
 0.00263120, -0.00030518
 0.00263140, -0.00061035
 0.00263160, -0.00061035
 0.00263180, -0.00030518
 0.00263200, -0.00030518
 0.00263220,  0.00030518
 0.00263240,  0.00091553
 0.00263260,  0.00122070
 0.00263280,  0.00091553
 0.00263300,  0.00152588
 0.00263320,  0.00122070
 0.00263340,  0.00122070
 0.00263360,  0.00183105
 0.00263380,  0.00244141
 0.00263400,  0.00213623
 0.00263420,  0.00183105
 0.00263440,  0.00183105
 0.00263460,  0.00213623
 0.00263480,  0.00152588
 0.00263500,  0.00152588
 0.00263520,  0.00152588
 0.00263540,  0.00183105
 0.00263560,  0.00152588
 0.00263580,  0.00152588
 0.00263600,  0.00152588
 0.00263620,  0.00183105
 0.00263640,  0.00152588
 0.00263660,  0.00244141
 0.00263680,  0.00061035
 0.00263700,  0.00000000
 0.00263720, -0.00030518
 0.00263740, -0.00061035
 0.00263760, -0.00091553
 0.00263780, -0.00061035
 0.00263800, -0.00183105
 0.00263820, -0.00183105
 0.00263840, -0.00152588
 0.00263860, -0.00152588
 0.00263880, -0.00183105
 0.00263900, -0.00244141
 0.00263920, -0.00244141
 0.00263940, -0.00183105
 0.00263960, -0.00152588
 0.00263980, -0.00122070
 0.00264000, -0.00091553
 0.00264020, -0.00091553
 0.00264040, -0.00152588
 0.00264060, -0.00244141
 0.00264080, -0.00213623
 0.00264100, -0.00244141
 0.00264120, -0.00183105
 0.00264140, -0.00183105
 0.00264160, -0.00213623
 0.00264180, -0.00213623
 0.00264200, -0.00274658
 0.00264220, -0.00366211
 0.00264240, -0.00396729
 0.00264260, -0.00457764
 0.00264280, -0.00549316
 0.00264300, -0.00610352
 0.00264320, -0.00579834
 0.00264340, -0.00579834
 0.00264360, -0.00640869
 0.00264380, -0.00701904
 0.00264400, -0.00732422
 0.00264420, -0.00732422
 0.00264440, -0.00732422
 0.00264460, -0.00671387
 0.00264480, -0.00671387
 0.00264500, -0.00732422
 0.00264520, -0.00701904
 0.00264540, -0.00701904
 0.00264560, -0.00610352
 0.00264580, -0.00579834
 0.00264600, -0.00457764
 0.00264620, -0.00427246
 0.00264640, -0.00335693
 0.00264660, -0.00213623
 0.00264680, -0.00091553
 0.00264700,  0.00000000
 0.00264720,  0.00061035
 0.00264740,  0.00091553
 0.00264760,  0.00122070
 0.00264780,  0.00091553
 0.00264800,  0.00091553
 0.00264820,  0.00213623
 0.00264840,  0.00213623
 0.00264860,  0.00213623
 0.00264880,  0.00122070
 0.00264900,  0.00122070
 0.00264920,  0.00091553
 0.00264940,  0.00061035
 0.00264960,  0.00091553
 0.00264980,  0.00000000
 0.00265000, -0.00030518
 0.00265020, -0.00091553
 0.00265040, -0.00152588
 0.00265060, -0.00213623
 0.00265080, -0.00213623
 0.00265100, -0.00305176
 0.00265120, -0.00244141
 0.00265140, -0.00213623
 0.00265160, -0.00152588
 0.00265180, -0.00061035
 0.00265200, -0.00030518
 0.00265220,  0.00030518
 0.00265240,  0.00122070
 0.00265260,  0.00091553
 0.00265280,  0.00152588
 0.00265300,  0.00152588
 0.00265320,  0.00213623
 0.00265340,  0.00274658
 0.00265360,  0.00305176
 0.00265380,  0.00305176
 0.00265400,  0.00366211
 0.00265420,  0.00396729
 0.00265440,  0.00305176
 0.00265460,  0.00305176
 0.00265480,  0.00213623
 0.00265500,  0.00183105
 0.00265520,  0.00152588
 0.00265540,  0.00061035
 0.00265560, -0.00030518
 0.00265580,  0.00000000
 0.00265600, -0.00061035
 0.00265620, -0.00030518
 0.00265640,  0.00000000
 0.00265660,  0.00000000
 0.00265680, -0.00030518
 0.00265700,  0.00000000
 0.00265720, -0.00091553
 0.00265740, -0.00122070
 0.00265760, -0.00091553
 0.00265780, -0.00152588
 0.00265800, -0.00152588
 0.00265820, -0.00091553
 0.00265840, -0.00091553
 0.00265860, -0.00030518
 0.00265880, -0.00091553
 0.00265900, -0.00122070
 0.00265920, -0.00122070
 0.00265940, -0.00152588
 0.00265960, -0.00122070
 0.00265980, -0.00122070
 0.00266000, -0.00061035
 0.00266020,  0.00030518
 0.00266040,  0.00091553
 0.00266060,  0.00152588
 0.00266080,  0.00122070
 0.00266100,  0.00030518
 0.00266120, -0.00091553
 0.00266140, -0.00122070
 0.00266160, -0.00152588
 0.00266180, -0.00183105
 0.00266200, -0.00213623
 0.00266220, -0.00122070
 0.00266240, -0.00213623
 0.00266260, -0.00122070
 0.00266280, -0.00061035
 0.00266300, -0.00030518
 0.00266320, -0.00122070
 0.00266340, -0.00122070
 0.00266360, -0.00244141
 0.00266380, -0.00305176
 0.00266400, -0.00244141
 0.00266420, -0.00213623
 0.00266440, -0.00213623
 0.00266460, -0.00213623
 0.00266480, -0.00183105
 0.00266500, -0.00152588
 0.00266520, -0.00091553
 0.00266540, -0.00122070
 0.00266560, -0.00183105
 0.00266580, -0.00213623
 0.00266600, -0.00335693
 0.00266620, -0.00274658
 0.00266640, -0.00213623
 0.00266660, -0.00183105
 0.00266680, -0.00183105
 0.00266700, -0.00122070
 0.00266720, -0.00091553
 0.00266740, -0.00030518
 0.00266760, -0.00061035
 0.00266780,  0.00030518
 0.00266800,  0.00091553
 0.00266820,  0.00183105
 0.00266840,  0.00183105
 0.00266860,  0.00335693
 0.00266880,  0.00457764
 0.00266900,  0.00427246
 0.00266920,  0.00366211
 0.00266940,  0.00396729
 0.00266960,  0.00335693
 0.00266980,  0.00305176
 0.00267000,  0.00274658
 0.00267020,  0.00183105
 0.00267040,  0.00122070
 0.00267060,  0.00183105
 0.00267080,  0.00213623
 0.00267100,  0.00244141
 0.00267120,  0.00213623
 0.00267140,  0.00152588
 0.00267160,  0.00152588
 0.00267180,  0.00122070
 0.00267200,  0.00091553
 0.00267220,  0.00000000
 0.00267240,  0.00030518
 0.00267260,  0.00091553
 0.00267280,  0.00152588
 0.00267300,  0.00213623
 0.00267320,  0.00274658
 0.00267340,  0.00366211
 0.00267360,  0.00396729
 0.00267380,  0.00427246
 0.00267400,  0.00427246
 0.00267420,  0.00335693
 0.00267440,  0.00305176
 0.00267460,  0.00213623
 0.00267480,  0.00213623
 0.00267500,  0.00213623
 0.00267520,  0.00183105
 0.00267540,  0.00152588
 0.00267560,  0.00091553
 0.00267580,  0.00091553
 0.00267600,  0.00000000
 0.00267620, -0.00091553
 0.00267640, -0.00183105
 0.00267660, -0.00274658
 0.00267680, -0.00335693
 0.00267700, -0.00335693
 0.00267720, -0.00213623
 0.00267740, -0.00152588
 0.00267760, -0.00091553
 0.00267780, -0.00091553
 0.00267800, -0.00122070
 0.00267820, -0.00091553
 0.00267840, -0.00152588
 0.00267860, -0.00152588
 0.00267880, -0.00244141
 0.00267900, -0.00244141
 0.00267920, -0.00305176
 0.00267940, -0.00274658
 0.00267960, -0.00366211
 0.00267980, -0.00366211
 0.00268000, -0.00427246
 0.00268020, -0.00488281
 0.00268040, -0.00549316
 0.00268060, -0.00610352
 0.00268080, -0.00701904
 0.00268100, -0.00701904
 0.00268120, -0.00640869
 0.00268140, -0.00671387
 0.00268160, -0.00610352
 0.00268180, -0.00549316
 0.00268200, -0.00427246
 0.00268220, -0.00305176
 0.00268240, -0.00305176
 0.00268260, -0.00152588
 0.00268280, -0.00091553
 0.00268300, -0.00122070
 0.00268320, -0.00152588
 0.00268340, -0.00122070
 0.00268360, -0.00122070
 0.00268380, -0.00152588
 0.00268400, -0.00213623
 0.00268420, -0.00213623
 0.00268440, -0.00183105
 0.00268460, -0.00244141
 0.00268480, -0.00335693
 0.00268500, -0.00457764
 0.00268520, -0.00518799
 0.00268540, -0.00549316
 0.00268560, -0.00579834
 0.00268580, -0.00640869
 0.00268600, -0.00671387
 0.00268620, -0.00640869
 0.00268640, -0.00701904
 0.00268660, -0.00793457
 0.00268680, -0.00854492
 0.00268700, -0.00915527
 0.00268720, -0.00976563
 0.00268740, -0.01037598
 0.00268760, -0.01068115
 0.00268780, -0.01129150
 0.00268800, -0.01129150
 0.00268820, -0.01068115
 0.00268840, -0.01007080
 0.00268860, -0.00946045
 0.00268880, -0.00915527
 0.00268900, -0.00946045
 0.00268920, -0.00946045
 0.00268940, -0.01007080
 0.00268960, -0.00976563
 0.00268980, -0.00976563
 0.00269000, -0.01037598
 0.00269020, -0.01007080
 0.00269040, -0.00915527
 0.00269060, -0.00823975
 0.00269080, -0.00732422
 0.00269100, -0.00671387
 0.00269120, -0.00701904
 0.00269140, -0.00701904
 0.00269160, -0.00640869
 0.00269180, -0.00640869
 0.00269200, -0.00610352
 0.00269220, -0.00579834
 0.00269240, -0.00549316
 0.00269260, -0.00518799
 0.00269280, -0.00518799
 0.00269300, -0.00518799
 0.00269320, -0.00457764
 0.00269340, -0.00488281
 0.00269360, -0.00457764
 0.00269380, -0.00457764
 0.00269400, -0.00518799
 0.00269420, -0.00457764
 0.00269440, -0.00396729
 0.00269460, -0.00366211
 0.00269480, -0.00305176
 0.00269500, -0.00274658
 0.00269520, -0.00152588
 0.00269540, -0.00061035
 0.00269560, -0.00091553
 0.00269580,  0.00091553
 0.00269600,  0.00183105
 0.00269620,  0.00305176
 0.00269640,  0.00366211
 0.00269660,  0.00366211
 0.00269680,  0.00488281
 0.00269700,  0.00488281
 0.00269720,  0.00549316
 0.00269740,  0.00610352
 0.00269760,  0.00701904
 0.00269780,  0.00701904
 0.00269800,  0.00762939
 0.00269820,  0.00793457
 0.00269840,  0.00885010
 0.00269860,  0.00854492
 0.00269880,  0.00915527
 0.00269900,  0.00885010
 0.00269920,  0.00854492
 0.00269940,  0.00793457
 0.00269960,  0.00732422
 0.00269980,  0.00732422
 0.00270000,  0.00610352
 0.00270020,  0.00579834
 0.00270040,  0.00518799
 0.00270060,  0.00427246
 0.00270080,  0.00518799
 0.00270100,  0.00579834
 0.00270120,  0.00549316
 0.00270140,  0.00579834
 0.00270160,  0.00579834
 0.00270180,  0.00549316
 0.00270200,  0.00579834
 0.00270220,  0.00610352
 0.00270240,  0.00610352
 0.00270260,  0.00640869
 0.00270280,  0.00671387
 0.00270300,  0.00671387
 0.00270320,  0.00732422
 0.00270340,  0.00885010
 0.00270360,  0.00885010
 0.00270380,  0.00946045
 0.00270400,  0.00946045
 0.00270420,  0.00946045
 0.00270440,  0.01037598
 0.00270460,  0.01068115
 0.00270480,  0.01037598
 0.00270500,  0.01037598
 0.00270520,  0.00976563
 0.00270540,  0.01007080
 0.00270560,  0.00915527
 0.00270580,  0.00854492
 0.00270600,  0.00885010
 0.00270620,  0.00915527
 0.00270640,  0.00823975
 0.00270660,  0.00732422
 0.00270680,  0.00671387
 0.00270700,  0.00671387
 0.00270720,  0.00610352
 0.00270740,  0.00518799
 0.00270760,  0.00488281
 0.00270780,  0.00396729
 0.00270800,  0.00305176
 0.00270820,  0.00274658
 0.00270840,  0.00213623
 0.00270860,  0.00122070
 0.00270880,  0.00000000
 0.00270900,  0.00000000
 0.00270920, -0.00061035
 0.00270940, -0.00152588
 0.00270960, -0.00152588
 0.00270980, -0.00213623
 0.00271000, -0.00213623
 0.00271020, -0.00183105
 0.00271040, -0.00244141
 0.00271060, -0.00244141
 0.00271080, -0.00213623
 0.00271100, -0.00213623
 0.00271120, -0.00244141
 0.00271140, -0.00213623
 0.00271160, -0.00213623
 0.00271180, -0.00183105
 0.00271200, -0.00122070
 0.00271220, -0.00152588
 0.00271240, -0.00152588
 0.00271260, -0.00274658
 0.00271280, -0.00305176
 0.00271300, -0.00427246
 0.00271320, -0.00488281
 0.00271340, -0.00518799
 0.00271360, -0.00518799
 0.00271380, -0.00640869
 0.00271400, -0.00610352
 0.00271420, -0.00671387
 0.00271440, -0.00762939
 0.00271460, -0.00793457
 0.00271480, -0.00793457
 0.00271500, -0.00823975
 0.00271520, -0.00885010
 0.00271540, -0.00885010
 0.00271560, -0.00976563
 0.00271580, -0.01007080
 0.00271600, -0.01007080
 0.00271620, -0.00976563
 0.00271640, -0.00946045
 0.00271660, -0.00915527
 0.00271680, -0.00854492
 0.00271700, -0.00793457
 0.00271720, -0.00762939
 0.00271740, -0.00732422
 0.00271760, -0.00762939
 0.00271780, -0.00701904
 0.00271800, -0.00579834
 0.00271820, -0.00579834
 0.00271840, -0.00457764
 0.00271860, -0.00335693
 0.00271880, -0.00213623
 0.00271900, -0.00152588
 0.00271920, -0.00122070
 0.00271940, -0.00061035
 0.00271960,  0.00030518
 0.00271980,  0.00091553
 0.00272000,  0.00000000
 0.00272020, -0.00030518
 0.00272040,  0.00000000
 0.00272060,  0.00000000
 0.00272080,  0.00061035
 0.00272100,  0.00091553
 0.00272120,  0.00122070
 0.00272140,  0.00183105
 0.00272160,  0.00152588
 0.00272180,  0.00061035
 0.00272200,  0.00030518
 0.00272220,  0.00000000
 0.00272240, -0.00061035
 0.00272260, -0.00091553
 0.00272280, -0.00122070
 0.00272300, -0.00152588
 0.00272320, -0.00091553
 0.00272340, -0.00091553
 0.00272360,  0.00030518
 0.00272380,  0.00091553
 0.00272400,  0.00213623
 0.00272420,  0.00335693
 0.00272440,  0.00427246
 0.00272460,  0.00396729
 0.00272480,  0.00427246
 0.00272500,  0.00427246
 0.00272520,  0.00518799
 0.00272540,  0.00549316
 0.00272560,  0.00671387
 0.00272580,  0.00732422
 0.00272600,  0.00762939
 0.00272620,  0.00885010
 0.00272640,  0.00946045
 0.00272660,  0.00946045
 0.00272680,  0.00854492
 0.00272700,  0.00823975
 0.00272720,  0.00793457
 0.00272740,  0.00732422
 0.00272760,  0.00640869
 0.00272780,  0.00671387
 0.00272800,  0.00671387
 0.00272820,  0.00610352
 0.00272840,  0.00549316
 0.00272860,  0.00457764
 0.00272880,  0.00396729
 0.00272900,  0.00244141
 0.00272920,  0.00122070
 0.00272940,  0.00061035
 0.00272960, -0.00030518
 0.00272980, -0.00030518
 0.00273000, -0.00030518
 0.00273020, -0.00061035
 0.00273040,  0.00000000
 0.00273060, -0.00061035
 0.00273080, -0.00183105
 0.00273100, -0.00213623
 0.00273120, -0.00274658
 0.00273140, -0.00335693
 0.00273160, -0.00305176
 0.00273180, -0.00366211
 0.00273200, -0.00274658
 0.00273220, -0.00244141
 0.00273240, -0.00274658
 0.00273260, -0.00244141
 0.00273280, -0.00183105
 0.00273300, -0.00213623
 0.00273320, -0.00274658
 0.00273340, -0.00305176
 0.00273360, -0.00274658
 0.00273380, -0.00335693
 0.00273400, -0.00335693
 0.00273420, -0.00305176
 0.00273440, -0.00305176
 0.00273460, -0.00183105
 0.00273480, -0.00305176
 0.00273500, -0.00366211
 0.00273520, -0.00305176
 0.00273540, -0.00305176
 0.00273560, -0.00366211
 0.00273580, -0.00396729
 0.00273600, -0.00427246
 0.00273620, -0.00518799
 0.00273640, -0.00549316
 0.00273660, -0.00549316
 0.00273680, -0.00518799
 0.00273700, -0.00427246
 0.00273720, -0.00457764
 0.00273740, -0.00366211
 0.00273760, -0.00335693
 0.00273780, -0.00274658
 0.00273800, -0.00213623
 0.00273820, -0.00152588
 0.00273840, -0.00122070
 0.00273860, -0.00152588
 0.00273880, -0.00061035
 0.00273900, -0.00061035
 0.00273920, -0.00030518
 0.00273940,  0.00000000
 0.00273960, -0.00030518
 0.00273980,  0.00000000
 0.00274000,  0.00061035
 0.00274020,  0.00000000
 0.00274040,  0.00030518
 0.00274060,  0.00061035
 0.00274080,  0.00183105
 0.00274100,  0.00091553
 0.00274120,  0.00030518
 0.00274140,  0.00000000
 0.00274160, -0.00091553
 0.00274180, -0.00091553
 0.00274200, -0.00183105
 0.00274220, -0.00244141
 0.00274240, -0.00274658
 0.00274260, -0.00305176
 0.00274280, -0.00305176
 0.00274300, -0.00366211
 0.00274320, -0.00427246
 0.00274340, -0.00518799
 0.00274360, -0.00671387
 0.00274380, -0.00823975
 0.00274400, -0.00915527
 0.00274420, -0.00946045
 0.00274440, -0.00946045
 0.00274460, -0.01007080
 0.00274480, -0.00976563
 0.00274500, -0.00976563
 0.00274520, -0.00976563
 0.00274540, -0.01068115
 0.00274560, -0.01037598
 0.00274580, -0.01007080
 0.00274600, -0.00976563
 0.00274620, -0.00976563
 0.00274640, -0.01037598
 0.00274660, -0.00915527
 0.00274680, -0.00793457
 0.00274700, -0.00701904
 0.00274720, -0.00579834
 0.00274740, -0.00488281
 0.00274760, -0.00396729
 0.00274780, -0.00274658
 0.00274800, -0.00274658
 0.00274820, -0.00274658
 0.00274840, -0.00305176
 0.00274860, -0.00305176
 0.00274880, -0.00244141
 0.00274900, -0.00183105
 0.00274920, -0.00183105
 0.00274940, -0.00122070
 0.00274960,  0.00030518
 0.00274980, -0.00030518
 0.00275000, -0.00091553
 0.00275020, -0.00091553
 0.00275040, -0.00183105
 0.00275060, -0.00305176
 0.00275080, -0.00305176
 0.00275100, -0.00396729
 0.00275120, -0.00457764
 0.00275140, -0.00518799
 0.00275160, -0.00518799
 0.00275180, -0.00457764
 0.00275200, -0.00427246
 0.00275220, -0.00457764
 0.00275240, -0.00457764
 0.00275260, -0.00518799
 0.00275280, -0.00579834
 0.00275300, -0.00579834
 0.00275320, -0.00518799
 0.00275340, -0.00488281
 0.00275360, -0.00457764
 0.00275380, -0.00427246
 0.00275400, -0.00427246
 0.00275420, -0.00274658
 0.00275440, -0.00213623
 0.00275460, -0.00305176
 0.00275480, -0.00335693
 0.00275500, -0.00305176
 0.00275520, -0.00335693
 0.00275540, -0.00335693
 0.00275560, -0.00305176
 0.00275580, -0.00274658
 0.00275600, -0.00335693
 0.00275620, -0.00366211
 0.00275640, -0.00305176
 0.00275660, -0.00366211
 0.00275680, -0.00366211
 0.00275700, -0.00457764
 0.00275720, -0.00610352
 0.00275740, -0.00671387
 0.00275760, -0.00640869
 0.00275780, -0.00701904
 0.00275800, -0.00701904
 0.00275820, -0.00732422
 0.00275840, -0.00762939
 0.00275860, -0.00701904
 0.00275880, -0.00732422
 0.00275900, -0.00701904
 0.00275920, -0.00701904
 0.00275940, -0.00732422
 0.00275960, -0.00762939
 0.00275980, -0.00732422
 0.00276000, -0.00732422
 0.00276020, -0.00671387
 0.00276040, -0.00579834
 0.00276060, -0.00518799
 0.00276080, -0.00549316
 0.00276100, -0.00427246
 0.00276120, -0.00457764
 0.00276140, -0.00366211
 0.00276160, -0.00305176
 0.00276180, -0.00274658
 0.00276200, -0.00244141
 0.00276220, -0.00213623
 0.00276240, -0.00152588
 0.00276260, -0.00091553
 0.00276280, -0.00061035
 0.00276300, -0.00061035
 0.00276320, -0.00030518
 0.00276340,  0.00000000
 0.00276360, -0.00091553
 0.00276380,  0.00000000
 0.00276400,  0.00000000
 0.00276420,  0.00061035
 0.00276440,  0.00030518
 0.00276460,  0.00061035
 0.00276480,  0.00000000
 0.00276500, -0.00030518
 0.00276520,  0.00030518
 0.00276540, -0.00091553
 0.00276560, -0.00122070
 0.00276580, -0.00152588
 0.00276600, -0.00091553
 0.00276620,  0.00000000
 0.00276640, -0.00091553
 0.00276660, -0.00091553
 0.00276680, -0.00091553
 0.00276700, -0.00061035
 0.00276720,  0.00000000
 0.00276740,  0.00122070
 0.00276760,  0.00213623
 0.00276780,  0.00274658
 0.00276800,  0.00335693
 0.00276820,  0.00427246
 0.00276840,  0.00518799
 0.00276860,  0.00610352
 0.00276880,  0.00640869
 0.00276900,  0.00701904
 0.00276920,  0.00701904
 0.00276940,  0.00793457
 0.00276960,  0.00823975
 0.00276980,  0.00762939
 0.00277000,  0.00732422
 0.00277020,  0.00762939
 0.00277040,  0.00701904
 0.00277060,  0.00671387
 0.00277080,  0.00549316
 0.00277100,  0.00518799
 0.00277120,  0.00488281
 0.00277140,  0.00366211
 0.00277160,  0.00305176
 0.00277180,  0.00183105
 0.00277200,  0.00122070
 0.00277220,  0.00213623
 0.00277240,  0.00122070
 0.00277260,  0.00122070
 0.00277280,  0.00091553
 0.00277300,  0.00061035
 0.00277320,  0.00091553
 0.00277340,  0.00061035
 0.00277360,  0.00091553
 0.00277380,  0.00122070
 0.00277400,  0.00122070
 0.00277420,  0.00152588
 0.00277440,  0.00152588
 0.00277460,  0.00152588
 0.00277480,  0.00274658
 0.00277500,  0.00335693
 0.00277520,  0.00366211
 0.00277540,  0.00396729
 0.00277560,  0.00457764
 0.00277580,  0.00488281
 0.00277600,  0.00549316
 0.00277620,  0.00610352
 0.00277640,  0.00610352
 0.00277660,  0.00610352
 0.00277680,  0.00610352
 0.00277700,  0.00701904
 0.00277720,  0.00701904
 0.00277740,  0.00671387
 0.00277760,  0.00640869
 0.00277780,  0.00671387
 0.00277800,  0.00610352
 0.00277820,  0.00518799
 0.00277840,  0.00549316
 0.00277860,  0.00488281
 0.00277880,  0.00488281
 0.00277900,  0.00427246
 0.00277920,  0.00396729
 0.00277940,  0.00396729
 0.00277960,  0.00396729
 0.00277980,  0.00366211
 0.00278000,  0.00488281
 0.00278020,  0.00457764
 0.00278040,  0.00427246
 0.00278060,  0.00335693
 0.00278080,  0.00366211
 0.00278100,  0.00335693
 0.00278120,  0.00335693
 0.00278140,  0.00274658
 0.00278160,  0.00305176
 0.00278180,  0.00396729
 0.00278200,  0.00427246
 0.00278220,  0.00488281
 0.00278240,  0.00457764
 0.00278260,  0.00579834
 0.00278280,  0.00701904
 0.00278300,  0.00671387
 0.00278320,  0.00701904
 0.00278340,  0.00701904
 0.00278360,  0.00732422
 0.00278380,  0.00762939
 0.00278400,  0.00793457
 0.00278420,  0.00915527
 0.00278440,  0.00915527
 0.00278460,  0.00915527
 0.00278480,  0.00885010
 0.00278500,  0.00915527
 0.00278520,  0.00885010
 0.00278540,  0.00823975
 0.00278560,  0.00793457
 0.00278580,  0.00762939
 0.00278600,  0.00762939
 0.00278620,  0.00732422
 0.00278640,  0.00732422
 0.00278660,  0.00701904
 0.00278680,  0.00701904
 0.00278700,  0.00610352
 0.00278720,  0.00610352
 0.00278740,  0.00640869
 0.00278760,  0.00488281
 0.00278780,  0.00396729
 0.00278800,  0.00366211
 0.00278820,  0.00427246
 0.00278840,  0.00457764
 0.00278860,  0.00427246
 0.00278880,  0.00427246
 0.00278900,  0.00488281
 0.00278920,  0.00457764
 0.00278940,  0.00549316
 0.00278960,  0.00518799
 0.00278980,  0.00335693
 0.00279000,  0.00274658
 0.00279020,  0.00244141
 0.00279040,  0.00274658
 0.00279060,  0.00244141
 0.00279080,  0.00183105
 0.00279100,  0.00091553
 0.00279120,  0.00091553
 0.00279140,  0.00061035
 0.00279160,  0.00000000
 0.00279180, -0.00030518
 0.00279200, -0.00152588
 0.00279220, -0.00274658
 0.00279240, -0.00335693
 0.00279260, -0.00396729
 0.00279280, -0.00427246
 0.00279300, -0.00396729
 0.00279320, -0.00427246
 0.00279340, -0.00427246
 0.00279360, -0.00427246
 0.00279380, -0.00457764
 0.00279400, -0.00610352
 0.00279420, -0.00793457
 0.00279440, -0.00854492
 0.00279460, -0.00854492
 0.00279480, -0.00915527
 0.00279500, -0.00946045
 0.00279520, -0.00976563
 0.00279540, -0.00915527
 0.00279560, -0.00854492
 0.00279580, -0.00762939
 0.00279600, -0.00823975
 0.00279620, -0.00854492
 0.00279640, -0.00885010
 0.00279660, -0.00854492
 0.00279680, -0.00885010
 0.00279700, -0.00854492
 0.00279720, -0.00762939
 0.00279740, -0.00732422
 0.00279760, -0.00610352
 0.00279780, -0.00488281
 0.00279800, -0.00488281
 0.00279820, -0.00518799
 0.00279840, -0.00488281
 0.00279860, -0.00518799
 0.00279880, -0.00579834
 0.00279900, -0.00640869
 0.00279920, -0.00732422
 0.00279940, -0.00671387
 0.00279960, -0.00671387
 0.00279980, -0.00671387
 0.00280000, -0.00549316
 0.00280020, -0.00427246
 0.00280040, -0.00427246
 0.00280060, -0.00396729
 0.00280080, -0.00366211
 0.00280100, -0.00457764
 0.00280120, -0.00488281
 0.00280140, -0.00549316
 0.00280160, -0.00549316
 0.00280180, -0.00610352
 0.00280200, -0.00610352
 0.00280220, -0.00518799
 0.00280240, -0.00549316
 0.00280260, -0.00518799
 0.00280280, -0.00518799
 0.00280300, -0.00457764
 0.00280320, -0.00396729
 0.00280340, -0.00427246
 0.00280360, -0.00427246
 0.00280380, -0.00335693
 0.00280400, -0.00305176
 0.00280420, -0.00274658
 0.00280440, -0.00183105
 0.00280460, -0.00061035
 0.00280480, -0.00030518
 0.00280500,  0.00061035
 0.00280520,  0.00122070
 0.00280540,  0.00122070
 0.00280560,  0.00061035
 0.00280580,  0.00000000
 0.00280600,  0.00061035
 0.00280620,  0.00091553
 0.00280640,  0.00122070
 0.00280660,  0.00122070
 0.00280680,  0.00183105
 0.00280700,  0.00091553
 0.00280720,  0.00091553
 0.00280740,  0.00061035
 0.00280760,  0.00091553
 0.00280780, -0.00030518
 0.00280800, -0.00061035
 0.00280820, -0.00152588
 0.00280840, -0.00213623
 0.00280860, -0.00305176
 0.00280880, -0.00366211
 0.00280900, -0.00335693
 0.00280920, -0.00335693
 0.00280940, -0.00366211
 0.00280960, -0.00396729
 0.00280980, -0.00396729
 0.00281000, -0.00396729
 0.00281020, -0.00366211
 0.00281040, -0.00335693
 0.00281060, -0.00427246
 0.00281080, -0.00366211
 0.00281100, -0.00274658
 0.00281120, -0.00244141
 0.00281140, -0.00213623
 0.00281160, -0.00274658
 0.00281180, -0.00274658
 0.00281200, -0.00335693
 0.00281220, -0.00335693
 0.00281240, -0.00335693
 0.00281260, -0.00335693
 0.00281280, -0.00305176
 0.00281300, -0.00335693
 0.00281320, -0.00305176
 0.00281340, -0.00274658
 0.00281360, -0.00305176
 0.00281380, -0.00488281
 0.00281400, -0.00549316
 0.00281420, -0.00640869
 0.00281440, -0.00701904
 0.00281460, -0.00671387
 0.00281480, -0.00701904
 0.00281500, -0.00762939
 0.00281520, -0.00793457
 0.00281540, -0.00885010
 0.00281560, -0.00885010
 0.00281580, -0.00854492
 0.00281600, -0.00915527
 0.00281620, -0.01007080
 0.00281640, -0.00976563
 0.00281660, -0.00976563
 0.00281680, -0.01007080
 0.00281700, -0.01007080
 0.00281720, -0.00976563
 0.00281740, -0.00946045
 0.00281760, -0.00976563
 0.00281780, -0.00976563
 0.00281800, -0.01037598
 0.00281820, -0.01007080
 0.00281840, -0.00946045
 0.00281860, -0.00915527
 0.00281880, -0.00946045
 0.00281900, -0.00915527
 0.00281920, -0.00762939
 0.00281940, -0.00640869
 0.00281960, -0.00671387
 0.00281980, -0.00640869
 0.00282000, -0.00640869
 0.00282020, -0.00610352
 0.00282040, -0.00671387
 0.00282060, -0.00610352
 0.00282080, -0.00640869
 0.00282100, -0.00610352
 0.00282120, -0.00579834
 0.00282140, -0.00610352
 0.00282160, -0.00640869
 0.00282180, -0.00549316
 0.00282200, -0.00579834
 0.00282220, -0.00579834
 0.00282240, -0.00610352
 0.00282260, -0.00671387
 0.00282280, -0.00671387
 0.00282300, -0.00610352
 0.00282320, -0.00579834
 0.00282340, -0.00610352
 0.00282360, -0.00610352
 0.00282380, -0.00671387
 0.00282400, -0.00640869
 0.00282420, -0.00579834
 0.00282440, -0.00640869
 0.00282460, -0.00640869
 0.00282480, -0.00579834
 0.00282500, -0.00610352
 0.00282520, -0.00610352
 0.00282540, -0.00579834
 0.00282560, -0.00518799
 0.00282580, -0.00457764
 0.00282600, -0.00457764
 0.00282620, -0.00427246
 0.00282640, -0.00366211
 0.00282660, -0.00274658
 0.00282680, -0.00335693
 0.00282700, -0.00274658
 0.00282720, -0.00274658
 0.00282740, -0.00305176
 0.00282760, -0.00335693
 0.00282780, -0.00274658
 0.00282800, -0.00305176
 0.00282820, -0.00305176
 0.00282840, -0.00274658
 0.00282860, -0.00244141
 0.00282880, -0.00305176
 0.00282900, -0.00305176
 0.00282920, -0.00335693
 0.00282940, -0.00366211
 0.00282960, -0.00427246
 0.00282980, -0.00457764
 0.00283000, -0.00488281
 0.00283020, -0.00396729
 0.00283040, -0.00396729
 0.00283060, -0.00366211
 0.00283080, -0.00335693
 0.00283100, -0.00274658
 0.00283120, -0.00335693
 0.00283140, -0.00396729
 0.00283160, -0.00396729
 0.00283180, -0.00488281
 0.00283200, -0.00396729
 0.00283220, -0.00427246
 0.00283240, -0.00396729
 0.00283260, -0.00305176
 0.00283280, -0.00274658
 0.00283300, -0.00152588
 0.00283320, -0.00122070
 0.00283340, -0.00030518
 0.00283360, -0.00091553
 0.00283380, -0.00122070
 0.00283400, -0.00122070
 0.00283420, -0.00091553
 0.00283440, -0.00091553
 0.00283460, -0.00061035
 0.00283480, -0.00030518
 0.00283500,  0.00152588
 0.00283520,  0.00305176
 0.00283540,  0.00335693
 0.00283560,  0.00427246
 0.00283580,  0.00457764
 0.00283600,  0.00427246
 0.00283620,  0.00427246
 0.00283640,  0.00488281
 0.00283660,  0.00488281
 0.00283680,  0.00488281
 0.00283700,  0.00518799
 0.00283720,  0.00549316
 0.00283740,  0.00610352
 0.00283760,  0.00762939
 0.00283780,  0.00823975
 0.00283800,  0.00885010
 0.00283820,  0.00885010
 0.00283840,  0.00885010
 0.00283860,  0.00885010
 0.00283880,  0.00823975
 0.00283900,  0.00823975
 0.00283920,  0.00762939
 0.00283940,  0.00762939
 0.00283960,  0.00701904
 0.00283980,  0.00701904
 0.00284000,  0.00793457
 0.00284020,  0.00885010
 0.00284040,  0.00854492
 0.00284060,  0.00823975
 0.00284080,  0.00793457
 0.00284100,  0.00793457
 0.00284120,  0.00732422
 0.00284140,  0.00762939
 0.00284160,  0.00823975
 0.00284180,  0.00793457
 0.00284200,  0.00793457
 0.00284220,  0.00823975
 0.00284240,  0.00823975
 0.00284260,  0.00732422
 0.00284280,  0.00762939
 0.00284300,  0.00671387
 0.00284320,  0.00579834
 0.00284340,  0.00518799
 0.00284360,  0.00488281
 0.00284380,  0.00366211
 0.00284400,  0.00335693
 0.00284420,  0.00366211
 0.00284440,  0.00427246
 0.00284460,  0.00396729
 0.00284480,  0.00366211
 0.00284500,  0.00274658
 0.00284520,  0.00244141
 0.00284540,  0.00183105
 0.00284560,  0.00122070
 0.00284580,  0.00000000
 0.00284600, -0.00091553
 0.00284620, -0.00122070
 0.00284640, -0.00091553
 0.00284660,  0.00000000
 0.00284680,  0.00030518
 0.00284700,  0.00122070
 0.00284720,  0.00183105
 0.00284740,  0.00183105
 0.00284760,  0.00183105
 0.00284780,  0.00061035
 0.00284800,  0.00000000
 0.00284820,  0.00030518
 0.00284840,  0.00030518
 0.00284860,  0.00000000
 0.00284880,  0.00030518
 0.00284900,  0.00030518
 0.00284920,  0.00152588
 0.00284940,  0.00213623
 0.00284960,  0.00244141
 0.00284980,  0.00213623
 0.00285000,  0.00244141
 0.00285020,  0.00244141
 0.00285040,  0.00244141
 0.00285060,  0.00213623
 0.00285080,  0.00244141
 0.00285100,  0.00274658
 0.00285120,  0.00366211
 0.00285140,  0.00488281
 0.00285160,  0.00518799
 0.00285180,  0.00610352
 0.00285200,  0.00640869
 0.00285220,  0.00732422
 0.00285240,  0.00701904
 0.00285260,  0.00671387
 0.00285280,  0.00701904
 0.00285300,  0.00762939
 0.00285320,  0.00762939
 0.00285340,  0.00823975
 0.00285360,  0.00885010
 0.00285380,  0.01037598
 0.00285400,  0.00976563
 0.00285420,  0.01007080
 0.00285440,  0.01068115
 0.00285460,  0.01068115
 0.00285480,  0.01068115
 0.00285500,  0.01068115
 0.00285520,  0.01098633
 0.00285540,  0.01098633
 0.00285560,  0.01098633
 0.00285580,  0.01190186
 0.00285600,  0.01251221
 0.00285620,  0.01312256
 0.00285640,  0.01281738
 0.00285660,  0.01251221
 0.00285680,  0.01190186
 0.00285700,  0.01159668
 0.00285720,  0.01159668
 0.00285740,  0.01068115
 0.00285760,  0.01037598
 0.00285780,  0.00976563
 0.00285800,  0.01007080
 0.00285820,  0.01037598
 0.00285840,  0.01007080
 0.00285860,  0.00946045
 0.00285880,  0.00976563
 0.00285900,  0.00976563
 0.00285920,  0.00946045
 0.00285940,  0.00823975
 0.00285960,  0.00793457
 0.00285980,  0.00732422
 0.00286000,  0.00701904
 0.00286020,  0.00762939
 0.00286040,  0.00793457
 0.00286060,  0.00793457
 0.00286080,  0.00793457
 0.00286100,  0.00762939
 0.00286120,  0.00671387
 0.00286140,  0.00518799
 0.00286160,  0.00457764
 0.00286180,  0.00335693
 0.00286200,  0.00305176
 0.00286220,  0.00274658
 0.00286240,  0.00183105
 0.00286260,  0.00183105
 0.00286280,  0.00122070
 0.00286300,  0.00030518
 0.00286320, -0.00030518
 0.00286340, -0.00122070
 0.00286360, -0.00274658
 0.00286380, -0.00335693
 0.00286400, -0.00488281
 0.00286420, -0.00579834
 0.00286440, -0.00579834
 0.00286460, -0.00579834
 0.00286480, -0.00610352
 0.00286500, -0.00579834
 0.00286520, -0.00640869
 0.00286540, -0.00518799
 0.00286560, -0.00579834
 0.00286580, -0.00549316
 0.00286600, -0.00610352
 0.00286620, -0.00579834
 0.00286640, -0.00579834
 0.00286660, -0.00579834
 0.00286680, -0.00579834
 0.00286700, -0.00518799
 0.00286720, -0.00518799
 0.00286740, -0.00488281
 0.00286760, -0.00488281
 0.00286780, -0.00457764
 0.00286800, -0.00488281
 0.00286820, -0.00518799
 0.00286840, -0.00549316
 0.00286860, -0.00579834
 0.00286880, -0.00671387
 0.00286900, -0.00640869
 0.00286920, -0.00640869
 0.00286940, -0.00610352
 0.00286960, -0.00579834
 0.00286980, -0.00579834
 0.00287000, -0.00549316
 0.00287020, -0.00579834
 0.00287040, -0.00610352
 0.00287060, -0.00579834
 0.00287080, -0.00579834
 0.00287100, -0.00579834
 0.00287120, -0.00610352
 0.00287140, -0.00640869
 0.00287160, -0.00610352
 0.00287180, -0.00518799
 0.00287200, -0.00488281
 0.00287220, -0.00549316
 0.00287240, -0.00579834
 0.00287260, -0.00579834
 0.00287280, -0.00610352
 0.00287300, -0.00610352
 0.00287320, -0.00671387
 0.00287340, -0.00640869
 0.00287360, -0.00671387
 0.00287380, -0.00640869
 0.00287400, -0.00579834
 0.00287420, -0.00549316
 0.00287440, -0.00610352
 0.00287460, -0.00610352
 0.00287480, -0.00671387
 0.00287500, -0.00732422
 0.00287520, -0.00823975
 0.00287540, -0.00915527
 0.00287560, -0.00976563
 0.00287580, -0.01068115
 0.00287600, -0.01098633
 0.00287620, -0.01098633
 0.00287640, -0.01129150
 0.00287660, -0.01159668
 0.00287680, -0.01190186
 0.00287700, -0.01190186
 0.00287720, -0.01220703
 0.00287740, -0.01312256
 0.00287760, -0.01312256
 0.00287780, -0.01312256
 0.00287800, -0.01251221
 0.00287820, -0.01251221
 0.00287840, -0.01281738
 0.00287860, -0.01342773
 0.00287880, -0.01159668
 0.00287900, -0.01220703
 0.00287920, -0.01159668
 0.00287940, -0.01159668
 0.00287960, -0.01251221
 0.00287980, -0.01281738
 0.00288000, -0.01251221
 0.00288020, -0.01251221
 0.00288040, -0.01342773
 0.00288060, -0.01312256
 0.00288080, -0.01220703
 0.00288100, -0.01251221
 0.00288120, -0.01129150
 0.00288140, -0.01098633
 0.00288160, -0.01098633
 0.00288180, -0.01098633
 0.00288200, -0.01098633
 0.00288220, -0.01129150
 0.00288240, -0.01068115
 0.00288260, -0.01068115
 0.00288280, -0.00976563
 0.00288300, -0.01068115
 0.00288320, -0.00946045
 0.00288340, -0.00915527
 0.00288360, -0.00793457
 0.00288380, -0.00823975
 0.00288400, -0.00793457
 0.00288420, -0.00732422
 0.00288440, -0.00701904
 0.00288460, -0.00671387
 0.00288480, -0.00610352
 0.00288500, -0.00518799
 0.00288520, -0.00457764
 0.00288540, -0.00305176
 0.00288560, -0.00305176
 0.00288580, -0.00274658
 0.00288600, -0.00335693
 0.00288620, -0.00366211
 0.00288640, -0.00366211
 0.00288660, -0.00427246
 0.00288680, -0.00427246
 0.00288700, -0.00335693
 0.00288720, -0.00274658
 0.00288740, -0.00122070
 0.00288760, -0.00122070
 0.00288780, -0.00030518
 0.00288800, -0.00061035
 0.00288820, -0.00061035
 0.00288840, -0.00122070
 0.00288860, -0.00152588
 0.00288880, -0.00244141
 0.00288900, -0.00213623
 0.00288920, -0.00244141
 0.00288940, -0.00244141
 0.00288960, -0.00244141
 0.00288980, -0.00213623
 0.00289000, -0.00091553
 0.00289020, -0.00152588
 0.00289040, -0.00183105
 0.00289060, -0.00152588
 0.00289080, -0.00183105
 0.00289100, -0.00213623
 0.00289120, -0.00274658
 0.00289140, -0.00274658
 0.00289160, -0.00305176
 0.00289180, -0.00274658
 0.00289200, -0.00274658
 0.00289220, -0.00244141
 0.00289240, -0.00213623
 0.00289260, -0.00183105
 0.00289280, -0.00152588
 0.00289300, -0.00183105
 0.00289320, -0.00244141
 0.00289340, -0.00213623
 0.00289360, -0.00183105
 0.00289380, -0.00244141
 0.00289400, -0.00213623
 0.00289420, -0.00274658
 0.00289440, -0.00274658
 0.00289460, -0.00274658
 0.00289480, -0.00305176
 0.00289500, -0.00274658
 0.00289520, -0.00274658
 0.00289540, -0.00305176
 0.00289560, -0.00335693
 0.00289580, -0.00335693
 0.00289600, -0.00274658
 0.00289620, -0.00274658
 0.00289640, -0.00213623
 0.00289660, -0.00183105
 0.00289680, -0.00183105
 0.00289700, -0.00152588
 0.00289720, -0.00183105
 0.00289740, -0.00213623
 0.00289760, -0.00305176
 0.00289780, -0.00274658
 0.00289800, -0.00274658
 0.00289820, -0.00183105
 0.00289840, -0.00244141
 0.00289860, -0.00183105
 0.00289880, -0.00091553
 0.00289900, -0.00061035
 0.00289920, -0.00061035
 0.00289940,  0.00000000
 0.00289960,  0.00030518
 0.00289980, -0.00030518
 0.00290000, -0.00091553
 0.00290020, -0.00061035
 0.00290040, -0.00061035
 0.00290060, -0.00061035
 0.00290080,  0.00000000
 0.00290100,  0.00091553
 0.00290120,  0.00122070
 0.00290140,  0.00244141
 0.00290160,  0.00183105
 0.00290180,  0.00152588
 0.00290200,  0.00183105
 0.00290220,  0.00183105
 0.00290240,  0.00091553
 0.00290260,  0.00030518
 0.00290280,  0.00061035
 0.00290300,  0.00061035
 0.00290320,  0.00091553
 0.00290340,  0.00091553
 0.00290360,  0.00091553
 0.00290380,  0.00061035
 0.00290400,  0.00122070
 0.00290420,  0.00183105
 0.00290440,  0.00244141
 0.00290460,  0.00183105
 0.00290480,  0.00183105
 0.00290500,  0.00213623
 0.00290520,  0.00152588
 0.00290540,  0.00183105
 0.00290560,  0.00213623
 0.00290580,  0.00274658
 0.00290600,  0.00274658
 0.00290620,  0.00335693
 0.00290640,  0.00396729
 0.00290660,  0.00457764
 0.00290680,  0.00457764
 0.00290700,  0.00518799
 0.00290720,  0.00488281
 0.00290740,  0.00457764
 0.00290760,  0.00457764
 0.00290780,  0.00427246
 0.00290800,  0.00427246
 0.00290820,  0.00457764
 0.00290840,  0.00488281
 0.00290860,  0.00518799
 0.00290880,  0.00579834
 0.00290900,  0.00579834
 0.00290920,  0.00549316
 0.00290940,  0.00518799
 0.00290960,  0.00518799
 0.00290980,  0.00518799
 0.00291000,  0.00457764
 0.00291020,  0.00518799
 0.00291040,  0.00457764
 0.00291060,  0.00396729
 0.00291080,  0.00427246
 0.00291100,  0.00396729
 0.00291120,  0.00335693
 0.00291140,  0.00366211
 0.00291160,  0.00366211
 0.00291180,  0.00457764
 0.00291200,  0.00335693
 0.00291220,  0.00366211
 0.00291240,  0.00396729
 0.00291260,  0.00396729
 0.00291280,  0.00366211
 0.00291300,  0.00427246
 0.00291320,  0.00396729
 0.00291340,  0.00335693
 0.00291360,  0.00335693
 0.00291380,  0.00305176
 0.00291400,  0.00274658
 0.00291420,  0.00244141
 0.00291440,  0.00274658
 0.00291460,  0.00274658
 0.00291480,  0.00305176
 0.00291500,  0.00305176
 0.00291520,  0.00213623
 0.00291540,  0.00122070
 0.00291560,  0.00061035
 0.00291580,  0.00030518
 0.00291600,  0.00000000
 0.00291620, -0.00030518
 0.00291640, -0.00061035
 0.00291660, -0.00061035
 0.00291680, -0.00061035
 0.00291700, -0.00061035
 0.00291720, -0.00091553
 0.00291740, -0.00122070
 0.00291760, -0.00183105
 0.00291780, -0.00152588
 0.00291800, -0.00183105
 0.00291820, -0.00213623
 0.00291840, -0.00183105
 0.00291860, -0.00152588
 0.00291880, -0.00122070
 0.00291900, -0.00122070
 0.00291920, -0.00122070
 0.00291940, -0.00152588
 0.00291960, -0.00122070
 0.00291980, -0.00152588
 0.00292000, -0.00183105
 0.00292020, -0.00244141
 0.00292040, -0.00213623
 0.00292060, -0.00122070
 0.00292080, -0.00091553
 0.00292100, -0.00030518
 0.00292120,  0.00030518
 0.00292140,  0.00061035
 0.00292160,  0.00091553
 0.00292180,  0.00061035
 0.00292200, -0.00061035
 0.00292220, -0.00030518
 0.00292240, -0.00030518
 0.00292260,  0.00030518
 0.00292280,  0.00000000
 0.00292300,  0.00091553
 0.00292320,  0.00152588
 0.00292340,  0.00183105
 0.00292360,  0.00305176
 0.00292380,  0.00335693
 0.00292400,  0.00366211
 0.00292420,  0.00457764
 0.00292440,  0.00427246
 0.00292460,  0.00488281
 0.00292480,  0.00518799
 0.00292500,  0.00488281
 0.00292520,  0.00549316
 0.00292540,  0.00549316
 0.00292560,  0.00640869
 0.00292580,  0.00762939
 0.00292600,  0.00793457
 0.00292620,  0.00823975
 0.00292640,  0.00823975
 0.00292660,  0.00793457
 0.00292680,  0.00823975
 0.00292700,  0.00762939
 0.00292720,  0.00793457
 0.00292740,  0.00793457
 0.00292760,  0.00823975
 0.00292780,  0.00885010
 0.00292800,  0.00823975
 0.00292820,  0.00854492
 0.00292840,  0.00976563
 0.00292860,  0.00915527
 0.00292880,  0.00915527
 0.00292900,  0.00885010
 0.00292920,  0.00915527
 0.00292940,  0.00854492
 0.00292960,  0.00946045
 0.00292980,  0.00946045
 0.00293000,  0.00885010
 0.00293020,  0.00823975
 0.00293040,  0.00885010
 0.00293060,  0.00915527
 0.00293080,  0.00885010
 0.00293100,  0.00793457
 0.00293120,  0.00854492
 0.00293140,  0.00885010
 0.00293160,  0.00854492
 0.00293180,  0.00793457
 0.00293200,  0.00854492
 0.00293220,  0.00854492
 0.00293240,  0.00762939
 0.00293260,  0.00701904
 0.00293280,  0.00732422
 0.00293300,  0.00671387
 0.00293320,  0.00671387
 0.00293340,  0.00610352
 0.00293360,  0.00579834
 0.00293380,  0.00488281
 0.00293400,  0.00427246
 0.00293420,  0.00335693
 0.00293440,  0.00305176
 0.00293460,  0.00213623
 0.00293480,  0.00122070
 0.00293500,  0.00122070
 0.00293520,  0.00122070
 0.00293540,  0.00183105
 0.00293560,  0.00183105
 0.00293580,  0.00030518
 0.00293600,  0.00061035
 0.00293620, -0.00030518
 0.00293640, -0.00122070
 0.00293660, -0.00152588
 0.00293680, -0.00213623
 0.00293700, -0.00244141
 0.00293720, -0.00305176
 0.00293740, -0.00244141
 0.00293760, -0.00122070
 0.00293780, -0.00061035
 0.00293800, -0.00122070
 0.00293820, -0.00152588
 0.00293840, -0.00244141
 0.00293860, -0.00305176
 0.00293880, -0.00335693
 0.00293900, -0.00427246
 0.00293920, -0.00427246
 0.00293940, -0.00427246
 0.00293960, -0.00427246
 0.00293980, -0.00427246
 0.00294000, -0.00427246
 0.00294020, -0.00427246
 0.00294040, -0.00396729
 0.00294060, -0.00518799
 0.00294080, -0.00518799
 0.00294100, -0.00610352
 0.00294120, -0.00640869
 0.00294140, -0.00701904
 0.00294160, -0.00671387
 0.00294180, -0.00701904
 0.00294200, -0.00610352
 0.00294220, -0.00610352
 0.00294240, -0.00671387
 0.00294260, -0.00640869
 0.00294280, -0.00671387
 0.00294300, -0.00793457
 0.00294320, -0.00823975
 0.00294340, -0.00793457
 0.00294360, -0.00793457
 0.00294380, -0.00823975
